1001 68 36
1002 62 6
1003 55 10
1004 50 43
1005 47 16
1006 63 43
1007 57 16
1008 53 37
1009 67 11
1010 41 30
1011 43 27
1012 47 4
1013 68 30
1014 61 12
1015 56 46
1016 62 29
1017 61 31
1018 61 5
1019 45 34
1020 70 19
1021 57 27
1022 70 40
1023 53 25
1024 51 34
1025 59 32
1026 49 31
1027 69 44
1028 58 29
1029 41 21
1030 45 16
1031 47 28
1032 69 26
1033 54 3
1034 66 34
1035 70 6
1036 40 10
1037 68 50
1038 51 16
1039 66 10
1040 65 13
1041 54 14
1042 52 3
1043 51 20
1044 64 23
1045 47 50
1046 56 42
1047 69 35
1048 70 2
1049 65 7
1050 40 9
1051 62 16
1052 57 28
1053 61 38
1054 56 27
1055 46 48
1056 54 14
1057 66 1
1058 67 45
1059 47 5
1060 48 10
1061 40 36
1062 50 28
1063 60 29
1064 53 5
1065 60 12
1066 40 28
1067 49 15
1068 43 13
1069 66 35
1070 56 7
1071 70 7
1072 50 27
1073 68 45
1074 69 6
1075 40 44
1076 42 18
1077 61 32
1078 57 8
1079 65 21
1080 65 4
1081 47 9
1082 70 8
1083 43 28
1084 65 4
1085 48 6
1086 50 48
1087 41 8
1088 70 16
1089 58 32
1090 62 39
1091 62 6
1092 52 45
1093 50 35
1094 53 20
1095 57 50
1096 50 17
1097 47 0
1098 42 49
1099 65 46
1100 40 42
1101 68 22
1102 60 25
1103 67 31
1104 51 41
1105 46 38
1106 52 46
1107 70 22
1108 68 46
1109 66 33
1110 63 44
1111 40 34
1112 46 41
1113 57 41
1114 43 46
1115 53 24
1116 42 24
1117 40 38
1118 45 0
1119 52 39
1120 65 24
1121 60 7
1122 56 5
1123 69 18
1124 58 29
1125 49 15
1126 44 43
1127 67 34
1128 48 2
1129 62 19
1130 64 25
1131 50 28
1132 41 40
1133 54 17
1134 46 24
1135 42 39
1136 58 40
1137 64 22
1138 40 5
1139 62 40
1140 52 22
1141 56 4
1142 63 25
1143 65 6
1144 52 21
1145 57 3
1146 53 36
1147 48 7
1148 64 6
1149 46 50
1150 48 38
1151 58 36
1152 62 6
1153 41 5
1154 69 29
1155 53 41
1156 62 13
1157 49 19
1158 62 42
1159 62 17
1160 67 49
1161 65 34
1162 57 10
1163 44 23
1164 48 35
1165 50 35
1166 54 5
1167 69 2
1168 56 5
1169 47 17
1170 67 25
1171 49 29
1172 69 5
1173 47 4
1174 54 10
1175 64 22
1176 48 31
1177 69 34
1178 68 48
1179 55 33
1180 60 17
1181 56 24
1182 64 14
1183 49 9
1184 63 7
1185 59 19
1186 50 15
1187 44 13
1188 60 45
1189 44 20
1190 57 46
1191 61 17
1192 56 17
1193 57 49
1194 51 2
1195 63 40
1196 51 26
1197 46 46
1198 70 10
1199 66 9
1200 63 26
1201 58 35
1202 51 24
1203 70 28
1204 57 16
1205 45 32
1206 57 45
1207 69 13
1208 64 22
1209 61 11
1210 69 37
1211 69 25
1212 40 9
1213 53 18
1214 47 37
1215 47 39
1216 57 45
1217 65 29
1218 41 18
1219 40 12
1220 62 17
1221 58 39
1222 48 5
1223 56 37
1224 65 13
1225 48 8
1226 70 16
1227 61 31
1228 56 38
1229 43 44
1230 47 34
1231 58 40
1232 64 1
1233 69 48
1234 68 17
1235 46 46
1236 57 14
1237 57 32
1238 41 4
1239 46 4
1240 55 42
1241 68 19
1242 46 36
1243 58 46
1244 41 11
1245 43 2
1246 46 37
1247 45 18
1248 66 5
1249 58 18
1250 46 40
1251 57 16
1252 68 30
1253 69 1
1254 46 10
1255 44 32
1256 61 49
1257 52 42
1258 52 44
1259 49 18
1260 64 49
1261 70 2
1262 42 20
1263 56 16
1264 45 19
1265 47 41
1266 54 44
1267 54 22
1268 60 39
1269 58 31
1270 68 33
1271 46 0
1272 62 12
1273 53 24
1274 56 34
1275 64 10
1276 51 16
1277 45 33
1278 42 35
1279 49 17
1280 55 4
1281 70 46
1282 68 0
1283 42 36
1284 66 30
1285 56 44
1286 67 49
1287 61 9
1288 46 44
1289 66 42
1290 67 14
1291 53 50
1292 61 27
1293 69 13
1294 65 19
1295 66 9
1296 57 22
1297 54 38
1298 61 39
1299 61 22
1300 61 2
1301 68 43
1302 43 33
1303 66 48
1304 54 41
1305 53 27
1306 59 11
1307 64 20
1308 41 10
1309 47 1
1310 64 41
1311 43 36
1312 46 50
1313 46 16
1314 47 44
1315 62 7
1316 40 26
1317 67 44
1318 47 27
1319 49 46
1320 43 48
1321 46 50
1322 45 47
1323 56 13
1324 55 7
1325 51 35
1326 47 4
1327 70 7
1328 40 38
1329 64 21
1330 51 10
1331 54 33
1332 54 9
1333 60 10
1334 52 33
1335 58 11
1336 50 24
1337 57 5
1338 43 8
1339 56 24
1340 41 1
1341 58 14
1342 50 34
1343 42 11
1344 61 39
1345 58 34
1346 65 33
1347 55 6
1348 40 47
1349 58 37
1350 65 28
1351 56 30
1352 47 26
1353 49 32
1354 41 50
1355 46 4
1356 47 30
1357 40 13
1358 57 20
1359 51 28
1360 43 41
1361 67 35
1362 63 12
1363 54 31
1364 44 28
1365 63 21
1366 52 2
1367 50 46
1368 49 0
1369 70 45
1370 59 29
1371 56 26
1372 53 46
1373 70 29
1374 69 2
1375 40 21
1376 56 14
1377 58 43
1378 63 25
1379 61 11
1380 55 38
1381 46 2
1382 55 3
1383 68 16
1384 40 47
1385 66 35
1386 66 26
1387 42 16
1388 68 41
1389 49 6
1390 67 22
1391 65 38
1392 70 31
1393 66 8
1394 48 2
1395 40 22
1396 59 19
1397 44 10
1398 50 1
1399 60 38
1400 49 36
1401 50 36
1402 69 26
1403 52 37
1404 63 47
1405 53 15
1406 44 12
1407 55 50
1408 67 30
1409 42 41
1410 47 4
1411 68 29
1412 46 48
1413 40 38
1414 51 11
1415 48 13
1416 64 15
1417 42 17
1418 44 29
1419 59 25
1420 63 18
1421 62 27
1422 45 27
1423 59 2
1424 58 41
1425 43 7
1426 54 27
1427 40 24
1428 60 41
1429 56 4
1430 65 37
1431 58 0
1432 43 37
1433 64 44
1434 60 36
1435 68 13
1436 41 23
1437 67 15
1438 66 14
1439 49 29
1440 44 42
1441 45 13
1442 58 42
1443 53 3
1444 68 49
1445 51 34
1446 63 3
1447 70 0
1448 56 29
1449 51 18
1450 68 18
1451 69 29
1452 42 9
1453 43 27
1454 59 26
1455 55 6
1456 52 41
1457 44 37
1458 66 48
1459 69 25
1460 51 12
1461 64 44
1462 52 31
1463 70 30
1464 54 49
1465 53 6
1466 52 33
1467 66 4
1468 63 17
1469 59 17
1470 66 30
1471 69 41
1472 40 31
1473 60 12
1474 45 1
1475 53 7
1476 53 21
1477 57 19
1478 51 15
1479 59 2
1480 54 36
1481 52 13
1482 69 18
1483 64 32
1484 61 8
1485 42 10
1486 57 8
1487 43 28
1488 44 16
1489 68 37
1490 57 21
1491 55 0
1492 61 2
1493 46 48
1494 67 20
1495 43 34
1496 48 12
1497 63 18
1498 43 8
1499 48 24
1500 67 33
1501 51 46
1502 45 14
1503 53 48
1504 65 28
1505 46 13
1506 51 25
1507 70 46
1508 44 11
1509 50 1
1510 63 12
1511 52 32
1512 47 10
1513 57 9
1514 63 30
1515 52 35
1516 63 29
1517 66 13
1518 68 17
1519 67 0
1520 60 29
1521 43 29
1522 57 45
1523 53 46
1524 62 33
1525 50 18
1526 45 12
1527 64 39
1528 48 4
1529 53 33
1530 68 0
1531 51 40
1532 44 28
1533 70 27
1534 60 6
1535 65 34
1536 58 0
1537 67 20
1538 58 30
1539 59 38
1540 66 2
1541 49 31
1542 47 26
1543 69 30
1544 55 34
1545 69 10
1546 41 50
1547 68 14
1548 69 32
1549 40 36
1550 64 43
1551 57 0
1552 56 38
1553 49 27
1554 55 42
1555 45 21
1556 70 4
1557 52 43
1558 62 31
1559 48 26
1560 40 14
1561 62 18
1562 56 12
1563 49 9
1564 60 38
1565 52 11
1566 54 44
1567 65 18
1568 45 17
1569 70 30
1570 59 28
1571 69 45
1572 46 8
1573 64 15
1574 51 20
1575 44 10
1576 59 38
1577 70 41
1578 41 15
1579 45 5
1580 65 25
1581 40 30
1582 66 33
1583 46 31
1584 58 27
1585 70 39
1586 60 3
1587 56 41
1588 40 4
1589 56 42
1590 55 13
1591 64 36
1592 42 19
1593 42 20
1594 40 18
1595 58 8
1596 57 40
1597 59 46
1598 62 44
1599 42 21
1600 56 5
1601 42 20
1602 46 0
1603 43 43
1604 59 36
1605 49 10
1606 69 39
1607 70 45
1608 55 44
1609 54 17
1610 56 41
1611 59 21
1612 69 11
1613 55 23
1614 55 48
1615 45 18
1616 65 8
1617 52 8
1618 41 50
1619 69 0
1620 51 17
1621 58 48
1622 65 32
1623 62 25
1624 62 30
1625 53 19
1626 49 23
1627 62 35
1628 52 27
1629 55 41
1630 64 49
1631 45 25
1632 65 34
1633 53 20
1634 60 19
1635 41 31
1636 49 20
1637 58 33
1638 68 50
1639 45 32
1640 59 14
1641 65 29
1642 65 38
1643 55 15
1644 58 26
1645 66 39
1646 66 16
1647 43 15
1648 61 6
1649 63 49
1650 57 36
1651 41 8
1652 64 11
1653 55 23
1654 50 38
1655 48 37
1656 49 25
1657 61 20
1658 59 48
1659 65 34
1660 59 39
1661 42 33
1662 47 33
1663 57 42
1664 62 11
1665 60 44
1666 63 50
1667 40 19
1668 57 22
1669 59 0
1670 50 10
1671 57 2
1672 54 40
1673 40 20
1674 44 10
1675 56 35
1676 64 44
1677 56 6
1678 63 21
1679 56 19
1680 63 45
1681 64 27
1682 63 27
1683 43 6
1684 45 41
1685 52 48
1686 58 19
1687 44 35
1688 60 1
1689 70 17
1690 65 29
1691 42 48
1692 65 35
1693 54 23
1694 53 15
1695 59 11
1696 56 29
1697 49 26
1698 70 27
1699 70 17
1700 43 32
1701 70 2
1702 43 22
1703 55 23
1704 63 49
1705 56 21
1706 59 16
1707 64 43
1708 52 41
1709 69 2
1710 56 44
1711 45 50
1712 40 43
1713 44 31
1714 64 28
1715 64 35
1716 54 17
1717 52 7
1718 69 2
1719 47 49
1720 53 9
1721 67 40
1722 57 6
1723 61 32
1724 64 7
1725 55 44
1726 43 30
1727 55 20
1728 67 39
1729 57 48
1730 58 1
1731 56 5
1732 51 45
1733 63 12
1734 56 10
1735 69 0
1736 65 38
1737 57 16
1738 42 8
1739 52 8
1740 50 28
1741 40 23
1742 51 4
1743 53 47
1744 59 15
1745 55 50
1746 43 5
1747 50 35
1748 50 20
1749 56 24
1750 70 45
1751 61 32
1752 57 16
1753 43 19
1754 46 12
1755 41 17
1756 62 10
1757 54 49
1758 54 19
1759 45 38
1760 66 35
1761 54 28
1762 68 19
1763 63 8
1764 67 28
1765 47 34
1766 46 20
1767 46 45
1768 40 38
1769 42 23
1770 44 34
1771 65 23
1772 50 46
1773 42 25
1774 63 3
1775 61 18
1776 67 35
1777 66 32
1778 45 37
1779 43 3
1780 56 23
1781 63 15
1782 63 5
1783 47 17
1784 61 23
1785 42 34
1786 52 25
1787 45 38
1788 43 24
1789 54 0
1790 43 46
1791 49 33
1792 61 38
1793 70 6
1794 63 33
1795 44 0
1796 54 5
1797 51 27
1798 50 2
1799 55 30
1800 41 43
1801 57 45
1802 57 42
1803 48 25
1804 67 47
1805 65 20
1806 70 12
1807 68 50
1808 64 24
1809 44 47
1810 45 4
1811 63 14
1812 51 43
1813 58 35
1814 43 19
1815 67 45
1816 64 6
1817 65 4
1818 61 13
1819 60 10
1820 67 7
1821 54 18
1822 50 31
1823 44 33
1824 44 32
1825 46 32
1826 50 8
1827 43 37
1828 56 22
1829 40 36
1830 66 41
1831 45 37
1832 61 24
1833 40 46
1834 49 17
1835 42 50
1836 63 49
1837 65 14
1838 69 18
1839 61 36
1840 47 15
1841 65 39
1842 67 23
1843 64 35
1844 48 46
1845 42 37
1846 70 37
1847 49 19
1848 46 39
1849 66 15
1850 61 21
1851 45 9
1852 55 43
1853 41 33
1854 61 46
1855 51 13
1856 40 27
1857 55 10
1858 54 1
1859 49 40
1860 52 31
1861 42 25
1862 44 46
1863 56 0
1864 51 38
1865 54 7
1866 49 7
1867 66 1
1868 42 37
1869 41 26
1870 63 40
1871 48 15
1872 43 37
1873 61 44
1874 68 8
1875 49 50
1876 48 42
1877 51 38
1878 41 36
1879 62 41
1880 40 24
1881 55 21
1882 47 36
1883 50 10
1884 65 32
1885 46 30
1886 55 25
1887 55 30
1888 49 5
1889 45 41
1890 43 6
1891 48 20
1892 53 24
1893 52 37
1894 49 36
1895 49 31
1896 66 10
1897 40 32
1898 58 5
1899 45 48
1900 54 40
1901 60 32
1902 55 24
1903 40 23
1904 47 37
1905 62 12
1906 50 49
1907 52 20
1908 48 44
1909 40 18
1910 69 4
1911 48 30
1912 52 11
1913 52 36
1914 54 1
1915 41 6
1916 65 2
1917 58 50
1918 54 30
1919 47 41
1920 49 44
1921 67 39
1922 43 25
1923 47 44
1924 42 6
1925 43 40
1926 40 11
1927 60 1
1928 50 26
1929 65 6
1930 53 1
1931 44 37
1932 40 2
1933 56 22
1934 47 10
1935 61 26
1936 54 19
1937 48 13
1938 49 46
1939 68 23
1940 65 23
1941 53 5
1942 41 27
1943 47 34
1944 65 35
1945 57 19
1946 58 17
1947 70 31
1948 44 3
1949 60 27
1950 40 39
1951 51 12
1952 66 15
1953 63 16
1954 49 26
1955 62 25
1956 68 39
1957 63 49
1958 58 47
1959 54 44
1960 53 26
1961 61 12
1962 44 1
1963 54 39
1964 61 1
1965 65 25
1966 53 8
1967 49 49
1968 47 0
1969 48 32
1970 62 45
1971 42 47
1972 63 36
1973 64 35
1974 57 8
1975 62 36
1976 55 28
1977 56 2
1978 49 41
1979 70 27
1980 57 9
1981 54 48
1982 55 37
1983 53 35
1984 51 9
1985 60 45
1986 56 47
1987 63 31
1988 52 17
1989 52 38
1990 43 8
1991 68 32
1992 50 14
1993 70 44
1994 70 49
1995 70 32
1996 43 41
1997 63 26
1998 70 13
1999 59 23
2000 55 26
