2001 66 44
2002 59 1
2003 58 13
2004 65 45
2005 60 46
2006 67 23
2007 58 11
2008 69 6
2009 48 11
2010 42 15
2011 48 8
2012 53 31
2013 53 19
2014 51 3
2015 60 11
2016 47 27
2017 50 0
2018 65 42
2019 45 3
2020 56 45
2021 67 47
2022 48 34
2023 62 43
2024 56 49
2025 59 20
2026 61 19
2027 61 22
2028 50 3
2029 65 19
2030 46 49
2031 60 30
2032 40 6
2033 61 7
2034 48 44
2035 51 37
2036 40 45
2037 45 43
2038 59 17
2039 47 3
2040 62 35
2041 64 43
2042 67 31
2043 61 33
2044 61 37
2045 64 19
2046 40 8
2047 43 13
2048 62 40
2049 67 10
2050 48 31
2051 51 14
2052 65 23
2053 69 20
2054 46 36
2055 56 36
2056 64 35
2057 64 23
2058 40 33
2059 59 5
2060 70 46
2061 59 3
2062 61 6
2063 60 28
2064 58 0
2065 50 37
2066 53 22
2067 66 2
2068 56 47
2069 40 25
2070 53 10
2071 60 12
2072 41 37
2073 51 38
2074 56 39
2075 57 0
2076 59 32
2077 51 45
2078 59 7
2079 64 41
2080 52 43
2081 62 46
2082 53 16
2083 62 12
2084 50 41
2085 65 14
2086 47 41
2087 58 44
2088 55 38
2089 52 44
2090 56 6
2091 51 28
2092 59 7
2093 53 1
2094 52 50
2095 47 2
2096 42 37
2097 43 40
2098 55 26
2099 57 48
2100 63 4
2101 47 2
2102 45 24
2103 53 10
2104 53 37
2105 62 4
2106 48 4
2107 70 6
2108 66 23
2109 40 10
2110 62 17
2111 41 44
2112 59 14
2113 56 13
2114 47 40
2115 50 42
2116 70 16
2117 54 28
2118 58 8
2119 70 35
2120 42 32
2121 43 39
2122 55 49
2123 42 19
2124 66 50
2125 51 38
2126 64 24
2127 49 9
2128 50 2
2129 42 18
2130 46 9
2131 42 34
2132 61 31
2133 60 20
2134 50 47
2135 59 38
2136 47 1
2137 50 38
2138 40 11
2139 49 32
2140 57 17
2141 62 35
2142 47 35
2143 62 42
2144 57 41
2145 51 41
2146 50 46
2147 65 3
2148 65 41
2149 69 27
2150 58 24
2151 68 4
2152 40 13
2153 57 17
2154 51 18
2155 50 44
2156 46 16
2157 48 27
2158 43 18
2159 63 32
2160 41 30
2161 65 24
2162 70 34
2163 61 15
2164 57 38
2165 52 28
2166 55 15
2167 68 24
2168 46 30
2169 47 15
2170 51 42
2171 56 40
2172 47 42
2173 52 28
2174 57 41
2175 69 33
2176 45 1
2177 46 50
2178 67 6
2179 67 15
2180 42 5
2181 65 24
2182 64 6
2183 48 24
2184 52 31
2185 55 43
2186 43 43
2187 51 23
2188 47 12
2189 66 44
2190 41 30
2191 41 25
2192 69 41
2193 46 25
2194 56 9
2195 46 8
2196 47 37
2197 64 7
2198 67 46
2199 63 8
2200 50 40
2201 40 11
2202 68 24
2203 55 23
2204 48 46
2205 70 7
2206 55 32
2207 52 33
2208 40 30
2209 54 36
2210 59 20
2211 62 43
2212 51 33
2213 43 44
2214 55 30
2215 58 50
2216 47 46
2217 61 22
2218 40 32
2219 53 35
2220 62 40
2221 64 11
2222 56 23
2223 54 17
2224 58 19
2225 65 7
2226 60 7
2227 70 1
2228 68 30
2229 68 27
2230 58 5
2231 64 14
2232 70 15
2233 43 4
2234 67 8
2235 49 8
2236 47 7
2237 70 5
2238 70 22
2239 58 21
2240 52 36
2241 52 23
2242 58 39
2243 55 43
2244 55 21
2245 52 35
2246 54 42
2247 40 8
2248 54 35
2249 63 23
2250 66 0
2251 70 3
2252 51 24
2253 70 46
2254 46 11
2255 48 16
2256 55 15
2257 41 5
2258 65 10
2259 52 8
2260 65 22
2261 68 17
2262 48 44
2263 61 26
2264 60 29
2265 70 31
2266 50 44
2267 53 5
2268 69 9
2269 55 27
2270 60 22
2271 54 4
2272 49 24
2273 63 22
2274 65 50
2275 59 18
2276 67 5
2277 69 48
2278 69 36
2279 59 43
2280 63 3
2281 70 28
2282 62 39
2283 55 39
2284 40 35
2285 57 5
2286 53 13
2287 47 12
2288 56 12
2289 64 26
2290 41 41
2291 65 33
2292 54 35
2293 70 16
2294 63 29
2295 70 14
2296 68 21
2297 70 27
2298 58 44
2299 67 29
2300 47 3
2301 65 33
2302 59 37
2303 53 34
2304 60 42
2305 49 47
2306 57 13
2307 52 14
2308 52 1
2309 51 8
2310 61 11
2311 41 7
2312 42 47
2313 51 6
2314 70 49
2315 62 22
2316 67 46
2317 61 31
2318 40 27
2319 48 49
2320 53 3
2321 68 43
2322 55 5
2323 57 30
2324 69 30
2325 42 17
2326 48 17
2327 40 16
2328 59 16
2329 56 23
2330 45 40
2331 52 31
2332 68 19
2333 69 25
2334 54 39
2335 46 1
2336 41 16
2337 53 48
2338 62 30
2339 65 2
2340 48 9
2341 70 46
2342 52 6
2343 44 38
2344 52 26
2345 47 39
2346 61 37
2347 61 37
2348 63 32
2349 65 1
2350 50 36
2351 46 9
2352 56 22
2353 41 50
2354 56 48
2355 59 49
2356 42 44
2357 66 29
2358 63 48
2359 45 41
2360 47 32
2361 46 34
2362 43 12
2363 48 20
2364 45 18
2365 62 29
2366 50 24
2367 46 37
2368 50 0
2369 42 19
2370 49 25
2371 46 1
2372 60 50
2373 49 4
2374 57 34
2375 45 9
2376 67 2
2377 65 47
2378 46 46
2379 58 28
2380 52 0
2381 41 12
2382 69 35
2383 69 49
2384 64 15
2385 61 4
2386 62 49
2387 46 12
2388 58 27
2389 63 42
2390 58 45
2391 61 45
2392 62 11
2393 66 23
2394 43 11
2395 50 42
2396 66 11
2397 52 40
2398 42 32
2399 56 5
2400 57 0
2401 51 16
2402 69 12
2403 56 19
2404 51 39
2405 46 43
2406 62 0
2407 59 33
2408 64 15
2409 69 39
2410 56 35
2411 68 25
2412 60 46
2413 60 34
2414 69 30
2415 65 30
2416 61 5
2417 59 0
2418 65 44
2419 52 31
2420 63 21
2421 51 48
2422 51 13
2423 60 28
2424 66 41
2425 57 18
2426 48 10
2427 49 2
2428 58 8
2429 58 47
2430 56 38
2431 50 9
2432 66 13
2433 53 8
2434 62 34
2435 70 17
2436 44 11
2437 56 31
2438 66 9
2439 51 6
2440 57 30
2441 41 26
2442 61 48
2443 58 16
2444 62 49
2445 49 41
2446 69 13
2447 58 29
2448 54 10
2449 40 15
2450 40 10
2451 55 29
2452 65 30
2453 68 35
2454 48 41
2455 44 29
2456 69 46
2457 53 10
2458 67 13
2459 46 15
2460 50 38
2461 52 43
2462 45 36
2463 43 22
2464 53 14
2465 58 8
2466 47 0
2467 53 38
2468 44 43
2469 70 50
2470 60 47
2471 64 39
2472 48 15
2473 55 35
2474 46 24
2475 57 4
2476 60 30
2477 58 2
2478 70 49
2479 41 13
2480 58 8
2481 68 23
2482 40 0
2483 56 17
2484 68 11
2485 69 37
2486 54 16
2487 62 25
2488 49 23
2489 45 11
2490 51 19
2491 60 7
2492 44 39
2493 65 25
2494 49 42
2495 58 31
2496 60 21
2497 60 38
2498 56 10
2499 57 48
2500 45 8
2501 62 27
2502 52 16
2503 67 37
2504 55 30
2505 52 10
2506 58 11
2507 55 11
2508 61 26
2509 68 35
2510 50 16
2511 58 18
2512 70 8
2513 52 36
2514 63 11
2515 68 4
2516 53 50
2517 50 43
2518 55 38
2519 41 42
2520 68 50
2521 45 42
2522 64 5
2523 53 13
2524 66 48
2525 69 50
2526 65 46
2527 68 29
2528 57 27
2529 56 44
2530 68 39
2531 49 10
2532 67 36
2533 50 44
2534 41 5
2535 52 34
2536 68 34
2537 42 46
2538 68 41
2539 61 48
2540 41 7
2541 63 15
2542 43 23
2543 46 39
2544 53 39
2545 45 37
2546 57 8
2547 51 6
2548 60 40
2549 49 9
2550 57 48
2551 43 11
2552 48 24
2553 44 23
2554 58 19
2555 54 32
2556 58 7
2557 70 21
2558 46 41
2559 51 15
2560 62 50
2561 57 43
2562 44 46
2563 45 47
2564 64 1
2565 45 49
2566 45 7
2567 68 47
2568 53 31
2569 48 46
2570 58 37
2571 69 14
2572 47 7
2573 53 20
2574 50 23
2575 66 28
2576 62 38
2577 49 16
2578 42 48
2579 40 4
2580 67 22
2581 63 12
2582 42 40
2583 52 12
2584 40 0
2585 60 39
2586 53 0
2587 46 7
2588 60 30
2589 45 8
2590 54 15
2591 45 48
2592 61 43
2593 60 13
2594 63 43
2595 45 13
2596 63 18
2597 46 17
2598 48 18
2599 40 36
2600 51 31
2601 55 34
2602 56 10
2603 54 1
2604 59 44
2605 56 14
2606 62 38
2607 60 20
2608 69 47
2609 41 44
2610 70 45
2611 62 8
2612 48 50
2613 60 24
2614 47 11
2615 42 27
2616 56 42
2617 58 45
2618 70 22
2619 46 15
2620 69 31
2621 43 3
2622 42 25
2623 43 3
2624 43 0
2625 63 28
2626 60 43
2627 58 41
2628 69 22
2629 70 37
2630 63 21
2631 61 2
2632 63 39
2633 50 15
2634 59 20
2635 43 33
2636 54 27
2637 47 5
2638 58 41
2639 60 2
2640 67 40
2641 40 31
2642 45 7
2643 45 16
2644 59 30
2645 64 37
2646 54 50
2647 64 48
2648 67 44
2649 66 25
2650 42 6
2651 47 10
2652 51 39
2653 52 48
2654 45 5
2655 52 34
2656 58 13
2657 59 40
2658 44 14
2659 70 11
2660 59 24
2661 58 34
2662 61 42
2663 53 6
2664 58 30
2665 50 2
2666 54 38
2667 46 6
2668 53 45
2669 61 5
2670 43 40
2671 70 45
2672 58 22
2673 41 3
2674 43 23
2675 42 2
2676 57 0
2677 48 46
2678 43 35
2679 56 3
2680 66 20
2681 47 40
2682 44 15
2683 54 36
2684 40 41
2685 46 39
2686 55 41
2687 56 42
2688 64 39
2689 43 16
2690 65 13
2691 65 45
2692 62 31
2693 48 7
2694 56 8
2695 44 20
2696 54 21
2697 45 27
2698 45 19
2699 56 26
2700 65 12
2701 51 37
2702 62 40
2703 47 25
2704 56 35
2705 42 8
2706 54 24
2707 53 16
2708 51 45
2709 69 24
2710 67 39
2711 50 33
2712 66 28
2713 57 9
2714 51 49
2715 68 5
2716 67 47
2717 56 31
2718 52 5
2719 60 11
2720 57 19
2721 67 22
2722 67 22
2723 69 32
2724 48 47
2725 67 1
2726 64 29
2727 58 46
2728 57 23
2729 56 46
2730 40 39
2731 64 33
2732 47 13
2733 50 22
2734 58 38
2735 66 38
2736 41 39
2737 50 35
2738 52 50
2739 54 15
2740 53 13
2741 42 1
2742 57 2
2743 49 2
2744 50 33
2745 55 10
2746 42 12
2747 61 47
2748 40 33
2749 45 34
2750 57 3
2751 45 1
2752 42 15
2753 47 11
2754 53 20
2755 56 32
2756 62 34
2757 52 15
2758 43 18
2759 48 35
2760 40 26
2761 57 39
2762 64 24
2763 45 19
2764 48 11
2765 69 12
2766 65 44
2767 65 4
2768 67 22
2769 64 18
2770 64 24
2771 57 37
2772 43 26
2773 70 5
2774 67 30
2775 70 21
2776 41 13
2777 68 17
2778 48 35
2779 51 30
2780 70 31
2781 59 6
2782 50 31
2783 44 25
2784 55 11
2785 40 12
2786 56 36
2787 54 40
2788 52 47
2789 42 9
2790 53 49
2791 50 29
2792 65 37
2793 61 38
2794 61 48
2795 65 9
2796 67 15
2797 65 48
2798 47 45
2799 68 21
2800 48 35
2801 43 33
2802 70 14
2803 48 10
2804 50 45
2805 69 12
2806 41 9
2807 47 47
2808 57 10
2809 51 12
2810 49 43
2811 44 7
2812 42 15
2813 41 35
2814 44 19
2815 60 39
2816 68 22
2817 70 13
2818 48 15
2819 68 2
2820 56 45
2821 58 37
2822 69 27
2823 60 7
2824 44 10
2825 54 42
2826 45 39
2827 49 33
2828 49 21
2829 55 40
2830 58 36
2831 62 14
2832 44 27
2833 66 25
2834 62 20
2835 68 49
2836 40 12
2837 65 7
2838 69 48
2839 66 3
2840 51 34
2841 56 12
2842 55 40
2843 68 18
2844 53 32
2845 67 6
2846 51 16
2847 49 43
2848 48 27
2849 63 24
2850 54 39
2851 48 38
2852 51 4
2853 40 43
2854 63 38
2855 60 40
2856 59 36
2857 47 15
2858 66 39
2859 54 30
2860 59 50
2861 68 42
2862 48 41
2863 64 4
2864 57 20
2865 54 10
2866 57 38
2867 67 12
2868 68 32
2869 69 36
2870 67 17
2871 62 36
2872 41 18
2873 46 18
2874 54 24
2875 48 50
2876 56 28
2877 59 6
2878 56 17
2879 56 49
2880 61 7
2881 45 26
2882 69 22
2883 46 10
2884 46 15
2885 63 39
2886 63 16
2887 57 0
2888 65 5
2889 44 34
2890 42 6
2891 48 27
2892 68 10
2893 69 9
2894 41 30
2895 55 41
2896 52 49
2897 57 6
2898 40 48
2899 57 18
2900 65 3
2901 63 39
2902 59 8
2903 65 24
2904 46 44
2905 70 40
2906 42 20
2907 52 12
2908 50 9
2909 56 14
2910 68 48
2911 43 44
2912 51 31
2913 64 46
2914 42 12
2915 45 36
2916 47 43
2917 45 50
2918 59 41
2919 53 13
2920 53 31
2921 61 41
2922 55 50
2923 50 34
2924 63 21
2925 62 38
2926 56 24
2927 67 39
2928 68 1
2929 46 36
2930 42 41
2931 59 31
2932 70 18
2933 40 5
2934 46 34
2935 63 44
2936 59 7
2937 58 44
2938 54 27
2939 61 11
2940 67 48
2941 50 9
2942 49 4
2943 56 34
2944 56 15
2945 63 16
2946 40 36
2947 43 10
2948 70 13
2949 53 42
2950 46 36
2951 56 30
2952 54 9
2953 62 22
2954 68 12
2955 41 46
2956 45 12
2957 64 21
2958 68 36
2959 51 17
2960 40 9
2961 60 40
2962 52 34
2963 46 10
2964 40 33
2965 51 25
2966 66 17
2967 40 27
2968 60 44
2969 67 11
2970 64 35
2971 66 45
2972 62 15
2973 45 20
2974 41 22
2975 66 25
2976 64 0
2977 60 28
2978 46 23
2979 63 8
2980 68 17
2981 53 43
2982 62 43
2983 69 26
2984 65 18
2985 59 26
2986 61 37
2987 53 15
2988 41 38
2989 68 12
2990 54 47
2991 65 30
2992 62 44
2993 52 32
2994 40 22
2995 49 38
2996 68 2
2997 65 29
2998 51 40
2999 68 6
3000 55 42
