3001 55 7
3002 65 4
3003 52 28
3004 70 27
3005 52 5
3006 68 17
3007 42 38
3008 46 2
3009 64 43
3010 63 16
3011 59 11
3012 45 9
3013 62 7
3014 42 15
3015 70 38
3016 44 4
3017 69 1
3018 64 16
3019 64 17
3020 51 15
3021 54 46
3022 58 16
3023 61 28
3024 54 14
3025 57 36
3026 53 41
3027 51 1
3028 57 22
3029 65 42
3030 43 16
3031 53 18
3032 61 50
3033 58 50
3034 46 2
3035 45 20
3036 69 29
3037 59 0
3038 54 11
3039 56 9
3040 42 16
3041 62 0
3042 41 35
3043 58 5
3044 67 48
3045 51 6
3046 51 3
3047 40 16
3048 70 21
3049 42 27
3050 56 40
3051 54 34
3052 59 21
3053 50 15
3054 56 5
3055 59 27
3056 55 47
3057 67 13
3058 53 12
3059 44 29
3060 70 34
3061 60 49
3062 63 36
3063 50 0
3064 65 3
3065 57 42
3066 49 18
3067 67 41
3068 41 37
3069 43 38
3070 45 16
3071 58 29
3072 47 17
3073 69 30
3074 59 49
3075 66 18
3076 57 42
3077 40 0
3078 41 28
3079 45 28
3080 50 24
3081 43 49
3082 59 19
3083 68 37
3084 45 16
3085 66 30
3086 56 5
3087 60 45
3088 43 45
3089 53 49
3090 54 48
3091 40 37
3092 70 3
3093 58 15
3094 60 2
3095 46 40
3096 63 26
3097 66 37
3098 40 39
3099 44 46
3100 62 7
3101 52 30
3102 65 19
3103 48 38
3104 56 45
3105 60 42
3106 67 16
3107 58 40
3108 40 12
3109 49 36
3110 42 3
3111 59 29
3112 43 35
3113 52 18
3114 49 4
3115 58 46
3116 60 16
3117 52 26
3118 54 22
3119 43 43
3120 65 29
3121 61 48
3122 46 35
3123 67 35
3124 51 10
3125 40 20
3126 40 35
3127 49 17
3128 44 12
3129 67 40
3130 51 46
3131 49 37
3132 68 5
3133 44 2
3134 69 45
3135 65 6
3136 56 37
3137 54 27
3138 41 18
3139 61 40
3140 42 13
3141 70 11
3142 46 43
3143 66 8
3144 42 30
3145 59 34
3146 53 25
3147 63 46
3148 68 8
3149 67 25
3150 67 46
3151 54 16
3152 48 48
3153 53 18
3154 57 24
3155 64 45
3156 69 14
3157 45 35
3158 40 47
3159 65 37
3160 65 28
3161 61 28
3162 69 13
3163 45 48
3164 43 30
3165 40 32
3166 47 2
3167 53 32
3168 69 6
3169 67 26
3170 50 5
3171 47 16
3172 66 4
3173 55 26
3174 45 12
3175 69 5
3176 42 31
3177 46 4
3178 57 30
3179 42 21
3180 52 11
3181 54 24
3182 51 18
3183 43 17
3184 68 42
3185 49 44
3186 42 32
3187 66 2
3188 53 0
3189 48 40
3190 40 34
3191 48 34
3192 54 6
3193 67 16
3194 64 25
3195 47 48
3196 70 38
3197 62 10
3198 53 18
3199 63 50
3200 43 0
3201 60 47
3202 65 3
3203 54 22
3204 56 40
3205 61 30
3206 41 21
3207 56 20
3208 42 50
3209 70 3
3210 67 20
3211 51 29
3212 67 17
3213 64 35
3214 65 21
3215 59 18
3216 53 37
3217 54 31
3218 49 41
3219 47 33
3220 44 50
3221 54 3
3222 67 22
3223 55 36
3224 65 42
3225 57 6
3226 70 49
3227 53 12
3228 55 13
3229 44 35
3230 68 0
3231 41 32
3232 45 25
3233 65 3
3234 64 10
3235 60 47
3236 43 41
3237 51 32
3238 43 20
3239 64 35
3240 52 4
3241 69 9
3242 58 19
3243 68 35
3244 64 9
3245 65 24
3246 55 7
3247 69 33
3248 44 1
3249 54 8
3250 59 41
3251 58 27
3252 64 19
3253 48 17
3254 41 8
3255 61 28
3256 57 40
3257 59 8
3258 53 49
3259 58 5
3260 61 4
3261 52 35
3262 48 1
3263 50 50
3264 66 16
3265 67 7
3266 59 20
3267 47 7
3268 44 9
3269 63 45
3270 65 23
3271 45 34
3272 62 26
3273 64 4
3274 42 17
3275 48 41
3276 42 4
3277 64 36
3278 63 49
3279 58 41
3280 67 11
3281 44 0
3282 49 38
3283 57 2
3284 70 20
3285 69 38
3286 60 43
3287 49 6
3288 56 4
3289 47 2
3290 52 20
3291 41 37
3292 58 45
3293 54 15
3294 63 37
3295 69 18
3296 43 16
3297 56 5
3298 52 45
3299 55 5
3300 65 38
3301 63 29
3302 46 37
3303 49 26
3304 55 26
3305 64 47
3306 70 2
3307 63 11
3308 68 10
3309 65 39
3310 67 1
3311 43 48
3312 69 2
3313 54 30
3314 53 46
3315 68 30
3316 49 37
3317 47 34
3318 62 25
3319 63 33
3320 45 25
3321 40 9
3322 57 44
3323 65 8
3324 48 23
3325 59 3
3326 65 15
3327 55 42
3328 40 19
3329 65 1
3330 69 25
3331 57 9
3332 67 17
3333 55 22
3334 50 16
3335 64 33
3336 43 18
3337 58 5
3338 67 4
3339 63 37
3340 60 50
3341 42 14
3342 62 3
3343 40 11
3344 56 24
3345 44 49
3346 57 33
3347 48 37
3348 64 20
3349 62 45
3350 61 39
3351 64 19
3352 52 19
3353 53 3
3354 58 33
3355 66 11
3356 41 31
3357 62 7
3358 42 44
3359 41 30
3360 67 40
3361 53 34
3362 63 17
3363 56 32
3364 51 42
3365 42 22
3366 64 26
3367 51 3
3368 70 48
3369 62 3
3370 45 30
3371 58 49
3372 63 16
3373 56 32
3374 45 7
3375 55 15
3376 45 21
3377 49 3
3378 52 49
3379 50 1
3380 43 47
3381 42 47
3382 50 34
3383 54 6
3384 51 40
3385 40 32
3386 54 6
3387 65 2
3388 63 31
3389 49 36
3390 58 4
3391 53 32
3392 59 11
3393 67 13
3394 70 44
3395 59 44
3396 45 15
3397 61 32
3398 60 49
3399 54 43
3400 59 45
3401 63 43
3402 50 24
3403 61 44
3404 61 13
3405 59 21
3406 70 42
3407 42 41
3408 68 2
3409 57 4
3410 40 35
3411 65 0
3412 53 4
3413 48 44
3414 49 40
3415 47 48
3416 45 32
3417 56 19
3418 57 47
3419 63 27
3420 49 20
3421 44 29
3422 46 18
3423 46 33
3424 52 23
3425 49 4
3426 54 26
3427 64 42
3428 65 4
3429 66 44
3430 44 13
3431 50 5
3432 57 15
3433 53 28
3434 58 11
3435 43 7
3436 48 15
3437 55 44
3438 70 41
3439 54 46
3440 58 40
3441 69 19
3442 57 21
3443 62 16
3444 66 1
3445 42 45
3446 59 40
3447 45 14
3448 58 14
3449 70 47
3450 57 35
3451 55 36
3452 48 0
3453 59 2
3454 51 16
3455 63 49
3456 58 43
3457 41 43
3458 59 13
3459 62 41
3460 40 28
3461 64 39
3462 59 40
3463 66 15
3464 42 32
3465 53 29
3466 65 9
3467 45 46
3468 68 0
3469 45 31
3470 47 12
3471 51 44
3472 64 24
3473 70 12
3474 47 31
3475 40 34
3476 63 5
3477 43 22
3478 59 30
3479 65 7
3480 69 41
3481 70 42
3482 47 37
3483 63 6
3484 40 15
3485 70 36
3486 54 36
3487 48 4
3488 47 9
3489 46 30
3490 46 42
3491 47 26
3492 41 9
3493 49 48
3494 40 9
3495 67 22
3496 44 28
3497 44 17
3498 45 16
3499 67 6
3500 43 35
3501 52 32
3502 61 37
3503 42 38
3504 46 23
3505 44 37
3506 58 23
3507 63 42
3508 51 43
3509 59 32
3510 65 11
3511 52 14
3512 46 3
3513 57 34
3514 61 21
3515 70 36
3516 64 21
3517 45 31
3518 69 23
3519 68 37
3520 62 9
3521 65 20
3522 44 42
3523 42 16
3524 61 8
3525 56 9
3526 65 3
3527 41 49
3528 55 36
3529 56 42
3530 52 22
3531 50 48
3532 52 18
3533 55 22
3534 59 13
3535 56 34
3536 57 32
3537 54 12
3538 47 19
3539 58 10
3540 43 42
3541 70 12
3542 57 24
3543 44 26
3544 70 48
3545 70 43
3546 44 33
3547 63 37
3548 54 31
3549 57 38
3550 60 22
3551 58 15
3552 55 22
3553 53 15
3554 61 38
3555 43 1
3556 51 26
3557 70 24
3558 42 23
3559 40 15
3560 41 43
3561 52 12
3562 45 12
3563 42 37
3564 40 10
3565 70 1
3566 65 50
3567 47 27
3568 67 44
3569 62 27
3570 40 28
3571 48 25
3572 45 47
3573 50 12
3574 61 50
3575 45 32
3576 41 28
3577 47 15
3578 67 43
3579 54 48
3580 44 45
3581 45 24
3582 54 26
3583 66 0
3584 66 19
3585 55 30
3586 65 3
3587 63 0
3588 63 44
3589 42 33
3590 56 46
3591 65 17
3592 66 42
3593 55 5
3594 64 18
3595 40 40
3596 67 37
3597 47 1
3598 60 37
3599 55 25
3600 57 23
3601 69 24
3602 51 0
3603 58 14
3604 67 47
3605 47 48
3606 70 3
3607 45 48
3608 61 20
3609 46 40
3610 62 9
3611 68 7
3612 47 37
3613 68 20
3614 58 17
3615 62 15
3616 41 10
3617 45 4
3618 58 33
3619 51 17
3620 60 35
3621 54 7
3622 44 40
3623 43 24
3624 49 2
3625 56 3
3626 64 41
3627 53 49
3628 59 24
3629 69 47
3630 67 3
3631 67 4
3632 44 34
3633 62 25
3634 48 25
3635 50 45
3636 53 32
3637 44 2
3638 54 36
3639 57 31
3640 54 20
3641 50 32
3642 67 2
3643 40 20
3644 45 6
3645 46 49
3646 63 28
3647 70 37
3648 43 41
3649 65 42
3650 49 34
3651 51 25
3652 44 34
3653 65 0
3654 60 42
3655 63 6
3656 47 28
3657 67 12
3658 67 9
3659 49 29
3660 43 35
3661 69 28
3662 44 7
3663 63 12
3664 63 9
3665 60 10
3666 61 46
3667 46 35
3668 69 36
3669 66 21
3670 59 28
3671 68 28
3672 62 7
3673 46 11
3674 61 12
3675 62 32
3676 50 38
3677 69 4
3678 45 21
3679 45 8
3680 41 22
3681 70 36
3682 43 33
3683 65 2
3684 55 16
3685 65 41
3686 44 36
3687 70 46
3688 56 24
3689 66 17
3690 40 1
3691 44 2
3692 68 35
3693 43 39
3694 40 27
3695 51 24
3696 57 11
3697 40 30
3698 59 49
3699 69 37
3700 58 41
3701 45 32
3702 56 48
3703 46 20
3704 68 2
3705 68 34
3706 59 37
3707 43 15
3708 43 18
3709 57 28
3710 45 31
3711 54 42
3712 67 26
3713 68 0
3714 66 28
3715 46 35
3716 50 35
3717 67 15
3718 50 12
3719 51 49
3720 49 1
3721 64 27
3722 56 17
3723 40 28
3724 60 7
3725 51 6
3726 46 38
3727 41 29
3728 57 36
3729 66 43
3730 69 41
3731 50 32
3732 69 19
3733 62 41
3734 46 30
3735 69 36
3736 41 4
3737 66 47
3738 52 15
3739 50 22
3740 65 49
3741 56 47
3742 56 49
3743 52 12
3744 59 14
3745 63 40
3746 64 43
3747 64 38
3748 58 40
3749 60 35
3750 53 28
3751 55 20
3752 54 43
3753 41 5
3754 68 37
3755 43 21
3756 54 48
3757 65 3
3758 40 38
3759 48 7
3760 68 47
3761 61 8
3762 62 15
3763 51 34
3764 63 2
3765 41 43
3766 46 10
3767 65 45
3768 47 12
3769 64 29
3770 45 46
3771 52 40
3772 57 0
3773 44 21
3774 69 30
3775 58 30
3776 47 9
3777 41 9
3778 58 12
3779 67 49
3780 43 16
3781 51 50
3782 55 15
3783 43 24
3784 40 26
3785 45 8
3786 64 14
3787 47 45
3788 58 38
3789 63 35
3790 60 8
3791 42 9
3792 41 6
3793 65 11
3794 56 8
3795 59 32
3796 42 16
3797 55 23
3798 42 2
3799 55 41
3800 41 13
3801 46 30
3802 44 11
3803 43 26
3804 52 38
3805 52 20
3806 59 46
3807 66 47
3808 58 22
3809 55 19
3810 52 35
3811 55 40
3812 58 35
3813 52 14
3814 65 1
3815 65 9
3816 43 18
3817 67 11
3818 69 3
3819 66 11
3820 70 12
3821 40 9
3822 67 22
3823 48 22
3824 69 18
3825 69 9
3826 49 43
3827 61 18
3828 51 35
3829 46 41
3830 43 30
3831 64 24
3832 40 17
3833 52 33
3834 66 22
3835 58 17
3836 44 41
3837 47 42
3838 46 0
3839 47 17
3840 47 0
3841 48 2
3842 66 37
3843 63 30
3844 60 25
3845 54 47
3846 50 39
3847 45 46
3848 64 16
3849 40 41
3850 60 50
3851 67 49
3852 67 13
3853 53 34
3854 46 30
3855 46 22
3856 51 26
3857 70 26
3858 67 24
3859 53 42
3860 62 19
3861 41 7
3862 50 8
3863 53 48
3864 68 44
3865 50 17
3866 65 5
3867 44 16
3868 52 43
3869 64 29
3870 47 13
3871 53 38
3872 64 48
3873 67 0
3874 62 32
3875 42 42
3876 67 46
3877 69 2
3878 40 1
3879 45 4
3880 53 12
3881 63 1
3882 65 6
3883 51 41
3884 46 27
3885 57 34
3886 41 34
3887 45 47
3888 66 17
3889 67 2
3890 53 50
3891 44 22
3892 59 40
3893 59 19
3894 45 14
3895 55 27
3896 66 43
3897 70 8
3898 68 31
3899 46 38
3900 55 30
3901 45 8
3902 55 28
3903 53 6
3904 42 14
3905 45 27
3906 53 0
3907 70 16
3908 54 41
3909 42 45
3910 47 44
3911 57 15
3912 48 22
3913 54 47
3914 42 5
3915 40 11
3916 59 42
3917 55 27
3918 54 24
3919 55 11
3920 51 16
3921 58 19
3922 42 39
3923 53 27
3924 52 19
3925 40 49
3926 49 9
3927 52 12
3928 40 43
3929 59 5
3930 67 13
3931 48 5
3932 49 30
3933 45 31
3934 53 44
3935 69 35
3936 49 8
3937 40 9
3938 63 40
3939 56 44
3940 41 44
3941 67 39
3942 51 32
3943 52 1
3944 40 28
3945 62 48
3946 52 39
3947 52 0
3948 60 29
3949 55 44
3950 47 25
3951 42 26
3952 67 35
3953 61 9
3954 41 45
3955 48 39
3956 68 7
3957 58 41
3958 44 8
3959 65 28
3960 66 50
3961 70 45
3962 46 9
3963 56 49
3964 40 30
3965 48 32
3966 50 21
3967 44 34
3968 53 0
3969 64 45
3970 41 36
3971 41 6
3972 56 45
3973 63 6
3974 42 29
3975 62 37
3976 51 50
3977 40 26
3978 42 23
3979 68 6
3980 67 28
3981 58 13
3982 50 3
3983 51 33
3984 61 9
3985 48 18
3986 57 12
3987 40 5
3988 43 46
3989 65 39
3990 56 9
3991 54 6
3992 45 22
3993 50 10
3994 67 45
3995 40 22
3996 66 19
3997 56 25
3998 56 25
3999 44 20
4000 67 22
