6001 61 47
6002 65 44
6003 64 33
6004 63 37
6005 53 12
6006 46 50
6007 54 34
6008 69 5
6009 40 12
6010 44 30
6011 65 38
6012 65 7
6013 41 10
6014 58 25
6015 51 41
6016 61 21
6017 43 16
6018 61 5
6019 41 45
6020 51 45
6021 64 40
6022 66 17
6023 45 23
6024 42 44
6025 42 0
6026 50 43
6027 68 45
6028 57 36
6029 52 41
6030 67 50
6031 64 48
6032 63 26
6033 67 41
6034 49 19
6035 63 39
6036 55 41
6037 44 37
6038 43 16
6039 64 25
6040 52 26
6041 61 15
6042 41 36
6043 65 47
6044 46 2
6045 58 7
6046 58 4
6047 61 19
6048 51 26
6049 58 35
6050 54 26
6051 42 17
6052 62 34
6053 64 48
6054 68 35
6055 57 1
6056 44 30
6057 58 37
6058 69 33
6059 48 17
6060 59 16
6061 47 16
6062 51 26
6063 67 49
6064 63 43
6065 45 50
6066 60 28
6067 65 49
6068 53 0
6069 40 42
6070 64 9
6071 47 42
6072 41 27
6073 44 20
6074 46 45
6075 68 37
6076 50 34
6077 56 21
6078 59 12
6079 69 4
6080 50 47
6081 67 15
6082 55 24
6083 42 18
6084 69 27
6085 64 46
6086 61 33
6087 63 15
6088 62 41
6089 48 15
6090 61 13
6091 56 46
6092 57 19
6093 54 44
6094 70 18
6095 58 15
6096 49 2
6097 68 9
6098 67 11
6099 53 25
6100 64 11
6101 50 38
6102 52 13
6103 40 43
6104 45 46
6105 66 39
6106 49 43
6107 41 45
6108 48 17
6109 46 43
6110 44 33
6111 69 5
6112 42 13
6113 43 48
6114 55 25
6115 66 30
6116 46 23
6117 47 42
6118 66 27
6119 41 39
6120 64 33
6121 53 0
6122 60 4
6123 45 43
6124 40 9
6125 48 27
6126 70 47
6127 56 22
6128 62 36
6129 52 10
6130 68 16
6131 70 48
6132 63 6
6133 68 42
6134 44 29
6135 63 4
6136 41 37
6137 43 4
6138 56 35
6139 63 2
6140 62 22
6141 49 31
6142 67 0
6143 63 16
6144 48 49
6145 63 1
6146 48 40
6147 48 34
6148 63 30
6149 63 33
6150 47 15
6151 66 46
6152 67 47
6153 49 36
6154 48 11
6155 41 17
6156 44 47
6157 45 43
6158 51 21
6159 62 34
6160 70 41
6161 55 21
6162 65 26
6163 57 14
6164 43 23
6165 52 2
6166 65 8
6167 56 29
6168 47 36
6169 65 40
6170 65 11
6171 66 12
6172 68 27
6173 65 47
6174 41 28
6175 61 39
6176 42 21
6177 40 17
6178 52 47
6179 42 19
6180 58 39
6181 44 14
6182 52 47
6183 43 18
6184 46 45
6185 58 2
6186 52 23
6187 44 44
6188 45 17
6189 52 3
6190 44 8
6191 54 3
6192 44 9
6193 51 23
6194 54 41
6195 54 27
6196 43 41
6197 63 17
6198 53 30
6199 64 8
6200 60 38
6201 64 47
6202 67 15
6203 46 1
6204 57 18
6205 58 30
6206 61 48
6207 60 5
6208 47 37
6209 60 27
6210 60 45
6211 58 13
6212 67 5
6213 65 24
6214 58 14
6215 62 12
6216 58 21
6217 48 18
6218 51 34
6219 47 43
6220 42 49
6221 64 25
6222 49 18
6223 70 28
6224 49 50
6225 50 22
6226 51 23
6227 61 24
6228 54 7
6229 59 11
6230 44 44
6231 65 6
6232 50 3
6233 40 14
6234 63 31
6235 68 39
6236 55 20
6237 66 3
6238 65 8
6239 47 40
6240 45 10
6241 54 14
6242 69 47
6243 44 34
6244 57 28
6245 66 33
6246 57 50
6247 64 36
6248 69 1
6249 70 0
6250 48 50
6251 49 17
6252 70 7
6253 64 9
6254 68 13
6255 42 34
6256 63 44
6257 66 0
6258 50 39
6259 69 7
6260 68 8
6261 56 11
6262 59 11
6263 63 4
6264 60 19
6265 42 47
6266 52 33
6267 68 23
6268 52 33
6269 64 45
6270 59 49
6271 45 22
6272 65 34
6273 42 35
6274 42 24
6275 52 23
6276 68 4
6277 68 18
6278 47 11
6279 67 37
6280 70 21
6281 50 24
6282 48 3
6283 66 44
6284 53 47
6285 59 2
6286 67 24
6287 47 36
6288 58 47
6289 49 32
6290 58 48
6291 59 47
6292 40 12
6293 48 31
6294 55 0
6295 49 23
6296 47 2
6297 64 27
6298 70 22
6299 58 34
6300 45 46
6301 70 19
6302 49 20
6303 67 8
6304 57 11
6305 51 48
6306 42 13
6307 47 0
6308 41 12
6309 53 33
6310 54 36
6311 59 42
6312 70 5
6313 47 47
6314 52 27
6315 54 31
6316 66 33
6317 49 32
6318 63 23
6319 65 17
6320 63 27
6321 47 27
6322 46 33
6323 52 49
6324 67 3
6325 41 35
6326 55 23
6327 40 4
6328 49 13
6329 47 36
6330 56 5
6331 62 17
6332 59 50
6333 53 40
6334 45 25
6335 64 23
6336 45 9
6337 41 35
6338 53 48
6339 46 7
6340 56 7
6341 48 46
6342 69 38
6343 70 28
6344 54 3
6345 45 14
6346 47 32
6347 42 32
6348 69 13
6349 65 41
6350 45 42
6351 60 20
6352 58 12
6353 40 40
6354 42 8
6355 52 12
6356 47 11
6357 45 40
6358 62 38
6359 57 44
6360 52 22
6361 52 49
6362 60 27
6363 53 46
6364 64 1
6365 43 37
6366 49 21
6367 48 50
6368 45 30
6369 40 3
6370 63 30
6371 47 37
6372 61 12
6373 53 8
6374 40 38
6375 67 33
6376 40 49
6377 54 48
6378 51 34
6379 60 43
6380 49 47
6381 41 28
6382 42 33
6383 66 3
6384 54 26
6385 44 45
6386 46 39
6387 47 36
6388 57 30
6389 64 37
6390 57 8
6391 58 17
6392 64 30
6393 40 37
6394 42 46
6395 42 44
6396 62 19
6397 42 15
6398 52 4
6399 51 23
6400 67 21
6401 63 33
6402 66 12
6403 58 19
6404 56 38
6405 54 48
6406 48 23
6407 61 27
6408 51 9
6409 53 1
6410 67 16
6411 47 28
6412 56 23
6413 66 46
6414 54 33
6415 64 13
6416 47 30
6417 52 32
6418 63 25
6419 46 5
6420 69 18
6421 47 48
6422 64 50
6423 47 21
6424 45 26
6425 43 49
6426 51 49
6427 50 20
6428 61 44
6429 61 15
6430 43 23
6431 45 29
6432 44 36
6433 47 16
6434 65 29
6435 46 35
6436 40 23
6437 67 22
6438 64 18
6439 69 27
6440 54 18
6441 47 44
6442 58 17
6443 44 28
6444 64 41
6445 56 11
6446 66 12
6447 67 30
6448 46 30
6449 69 6
6450 69 26
6451 63 0
6452 53 38
6453 68 22
6454 56 48
6455 55 29
6456 68 30
6457 62 33
6458 54 0
6459 64 4
6460 66 25
6461 66 39
6462 60 19
6463 47 39
6464 52 40
6465 54 0
6466 50 19
6467 49 1
6468 49 27
6469 63 39
6470 64 45
6471 44 15
6472 57 1
6473 44 19
6474 53 0
6475 46 27
6476 67 22
6477 56 23
6478 62 34
6479 43 12
6480 42 23
6481 46 50
6482 52 38
6483 63 17
6484 70 11
6485 48 0
6486 69 0
6487 58 0
6488 70 22
6489 44 46
6490 68 39
6491 41 2
6492 60 50
6493 42 31
6494 62 33
6495 69 2
6496 68 17
6497 54 41
6498 40 31
6499 43 44
6500 53 47
6501 57 32
6502 56 15
6503 52 10
6504 49 0
6505 70 9
6506 56 31
6507 41 29
6508 55 39
6509 45 12
6510 54 13
6511 53 47
6512 63 42
6513 47 35
6514 67 10
6515 49 0
6516 53 19
6517 60 10
6518 48 42
6519 45 21
6520 40 12
6521 54 16
6522 55 23
6523 63 7
6524 59 29
6525 44 26
6526 44 34
6527 68 39
6528 56 8
6529 49 0
6530 42 35
6531 64 3
6532 70 40
6533 49 7
6534 67 49
6535 68 24
6536 52 15
6537 47 4
6538 46 48
6539 58 16
6540 44 24
6541 64 50
6542 62 40
6543 57 35
6544 53 5
6545 50 50
6546 63 34
6547 42 35
6548 70 29
6549 70 47
6550 68 14
6551 58 50
6552 61 39
6553 60 44
6554 64 9
6555 56 2
6556 51 4
6557 66 49
6558 69 5
6559 41 3
6560 41 22
6561 66 10
6562 54 7
6563 63 17
6564 65 5
6565 56 50
6566 65 28
6567 67 31
6568 54 42
6569 47 32
6570 52 38
6571 54 0
6572 45 11
6573 40 5
6574 58 17
6575 64 3
6576 65 50
6577 45 11
6578 64 22
6579 57 33
6580 53 17
6581 52 34
6582 45 38
6583 65 20
6584 66 31
6585 53 35
6586 52 39
6587 44 30
6588 57 17
6589 68 39
6590 61 6
6591 61 26
6592 41 25
6593 47 20
6594 44 9
6595 53 41
6596 61 35
6597 54 3
6598 68 43
6599 66 50
6600 56 29
6601 48 11
6602 42 43
6603 68 29
6604 49 12
6605 52 47
6606 50 36
6607 48 33
6608 43 23
6609 67 35
6610 68 20
6611 54 41
6612 49 41
6613 64 29
6614 52 32
6615 61 50
6616 65 18
6617 69 6
6618 54 46
6619 61 11
6620 57 36
6621 63 0
6622 48 25
6623 46 41
6624 67 33
6625 48 35
6626 40 31
6627 43 17
6628 64 1
6629 51 18
6630 51 21
6631 45 48
6632 65 47
6633 50 30
6634 45 13
6635 40 33
6636 63 39
6637 67 5
6638 40 49
6639 64 48
6640 51 22
6641 46 22
6642 60 16
6643 43 28
6644 53 37
6645 45 28
6646 52 7
6647 51 50
6648 65 17
6649 70 6
6650 58 32
6651 45 12
6652 63 11
6653 64 28
6654 67 27
6655 43 29
6656 58 7
6657 67 50
6658 43 34
6659 46 29
6660 60 16
6661 70 38
6662 54 41
6663 46 5
6664 49 20
6665 42 30
6666 48 4
6667 52 9
6668 59 30
6669 47 24
6670 47 46
6671 49 1
6672 43 11
6673 52 8
6674 41 31
6675 52 42
6676 66 24
6677 57 4
6678 67 13
6679 40 20
6680 63 38
6681 53 13
6682 47 46
6683 70 1
6684 56 40
6685 41 38
6686 70 50
6687 70 48
6688 47 3
6689 67 2
6690 49 23
6691 56 32
6692 61 25
6693 51 35
6694 43 22
6695 51 44
6696 67 21
6697 45 26
6698 62 8
6699 46 1
6700 63 40
6701 67 22
6702 50 28
6703 46 37
6704 60 15
6705 56 29
6706 48 29
6707 58 14
6708 40 50
6709 66 1
6710 59 26
6711 43 36
6712 45 50
6713 46 34
6714 53 12
6715 67 20
6716 49 15
6717 64 11
6718 42 20
6719 70 37
6720 51 50
6721 64 6
6722 44 37
6723 63 38
6724 61 49
6725 50 30
6726 62 16
6727 62 25
6728 48 36
6729 57 1
6730 54 11
6731 58 20
6732 70 9
6733 57 34
6734 48 6
6735 42 15
6736 59 5
6737 42 34
6738 66 36
6739 63 15
6740 48 21
6741 66 6
6742 67 14
6743 55 24
6744 49 8
6745 49 2
6746 53 3
6747 69 24
6748 48 5
6749 40 16
6750 51 2
6751 55 38
6752 65 46
6753 49 1
6754 67 1
6755 48 37
6756 54 36
6757 52 39
6758 68 28
6759 56 42
6760 45 1
6761 42 10
6762 57 2
6763 44 33
6764 60 1
6765 64 42
6766 54 41
6767 55 39
6768 56 11
6769 44 23
6770 66 8
6771 65 3
6772 66 48
6773 56 27
6774 60 45
6775 43 19
6776 60 22
6777 62 13
6778 40 29
6779 69 0
6780 57 34
6781 59 9
6782 66 3
6783 49 47
6784 58 40
6785 69 44
6786 41 27
6787 52 3
6788 51 46
6789 58 45
6790 69 34
6791 56 45
6792 52 50
6793 64 48
6794 67 34
6795 47 45
6796 42 28
6797 52 41
6798 67 4
6799 44 6
6800 41 11
6801 42 6
6802 51 3
6803 65 7
6804 59 47
6805 64 26
6806 61 28
6807 54 49
6808 64 17
6809 42 36
6810 48 13
6811 63 42
6812 41 8
6813 60 26
6814 57 28
6815 42 30
6816 59 39
6817 42 30
6818 42 41
6819 59 23
6820 43 13
6821 49 15
6822 69 46
6823 62 27
6824 40 13
6825 48 19
6826 42 35
6827 48 46
6828 62 37
6829 58 15
6830 62 21
6831 54 28
6832 46 41
6833 61 49
6834 70 46
6835 47 2
6836 56 50
6837 42 0
6838 43 14
6839 64 8
6840 45 16
6841 44 47
6842 66 40
6843 55 32
6844 66 17
6845 45 36
6846 56 26
6847 42 38
6848 42 9
6849 62 30
6850 49 6
6851 59 2
6852 61 50
6853 60 3
6854 64 7
6855 52 22
6856 44 5
6857 50 39
6858 62 15
6859 46 24
6860 54 40
6861 66 41
6862 55 37
6863 57 0
6864 66 1
6865 45 21
6866 68 48
6867 52 41
6868 68 12
6869 67 24
6870 67 24
6871 63 7
6872 60 15
6873 51 11
6874 55 10
6875 69 19
6876 48 37
6877 63 30
6878 57 42
6879 62 35
6880 55 49
6881 66 24
6882 49 15
6883 57 1
6884 49 20
6885 64 1
6886 65 3
6887 55 19
6888 68 25
6889 57 23
6890 61 15
6891 42 2
6892 40 34
6893 56 25
6894 66 7
6895 41 0
6896 49 35
6897 45 30
6898 46 36
6899 57 33
6900 43 25
6901 55 23
6902 58 31
6903 51 31
6904 58 30
6905 44 36
6906 43 25
6907 64 31
6908 52 18
6909 53 46
6910 49 33
6911 40 33
6912 59 4
6913 45 29
6914 46 23
6915 67 0
6916 41 28
6917 57 47
6918 65 20
6919 61 16
6920 50 20
6921 64 42
6922 70 40
6923 47 19
6924 62 35
6925 55 46
6926 51 50
6927 70 13
6928 48 22
6929 55 47
6930 63 30
6931 61 1
6932 48 32
6933 59 4
6934 69 43
6935 51 4
6936 67 13
6937 42 38
6938 60 43
6939 62 42
6940 68 15
6941 61 13
6942 53 42
6943 57 6
6944 47 1
6945 43 25
6946 59 32
6947 59 12
6948 53 23
6949 63 16
6950 47 30
6951 58 33
6952 50 39
6953 45 27
6954 40 5
6955 47 3
6956 51 10
6957 44 44
6958 55 26
6959 48 24
6960 57 30
6961 62 2
6962 45 4
6963 41 35
6964 65 13
6965 47 26
6966 53 34
6967 43 1
6968 45 20
6969 67 31
6970 57 32
6971 47 3
6972 58 40
6973 65 9
6974 63 50
6975 70 1
6976 68 31
6977 52 21
6978 57 19
6979 53 13
6980 49 29
6981 50 35
6982 50 14
6983 46 23
6984 52 5
6985 43 20
6986 43 36
6987 59 23
6988 65 24
6989 49 7
6990 51 29
6991 67 29
6992 58 29
6993 56 3
6994 58 19
6995 40 30
6996 49 33
6997 54 6
6998 56 43
6999 56 31
7000 49 46
