7001 64 27
7002 51 11
7003 66 43
7004 59 0
7005 57 13
7006 43 36
7007 60 27
7008 68 39
7009 70 1
7010 55 33
7011 60 21
7012 67 47
7013 47 37
7014 58 25
7015 56 30
7016 70 19
7017 42 16
7018 65 6
7019 44 33
7020 68 23
7021 47 45
7022 53 32
7023 59 0
7024 47 37
7025 70 31
7026 59 39
7027 60 3
7028 61 45
7029 59 32
7030 52 26
7031 57 1
7032 57 26
7033 60 47
7034 58 14
7035 48 4
7036 66 21
7037 63 15
7038 59 40
7039 66 3
7040 50 2
7041 44 4
7042 57 17
7043 41 34
7044 67 38
7045 44 20
7046 49 0
7047 51 3
7048 57 33
7049 55 1
7050 49 21
7051 58 35
7052 51 31
7053 53 44
7054 40 11
7055 69 23
7056 57 8
7057 47 33
7058 47 11
7059 68 15
7060 70 47
7061 63 0
7062 51 15
7063 41 9
7064 49 24
7065 59 24
7066 47 18
7067 66 11
7068 57 43
7069 52 13
7070 52 31
7071 61 7
7072 61 34
7073 40 37
7074 62 5
7075 48 29
7076 42 31
7077 68 14
7078 54 9
7079 53 17
7080 48 32
7081 40 12
7082 46 6
7083 58 6
7084 61 25
7085 55 46
7086 65 29
7087 51 18
7088 53 37
7089 60 29
7090 55 23
7091 49 37
7092 63 30
7093 45 18
7094 57 46
7095 46 2
7096 53 9
7097 57 38
7098 70 19
7099 44 13
7100 53 49
7101 51 42
7102 54 20
7103 59 9
7104 70 25
7105 68 17
7106 65 43
7107 60 38
7108 58 13
7109 40 13
7110 52 38
7111 68 4
7112 50 10
7113 55 4
7114 68 17
7115 67 41
7116 53 2
7117 57 31
7118 41 43
7119 45 8
7120 52 30
7121 40 31
7122 49 38
7123 67 6
7124 42 42
7125 67 24
7126 67 17
7127 41 43
7128 47 7
7129 64 16
7130 50 44
7131 48 3
7132 68 13
7133 57 43
7134 45 48
7135 54 38
7136 59 30
7137 49 29
7138 52 30
7139 70 25
7140 52 22
7141 51 2
7142 70 47
7143 68 34
7144 70 8
7145 47 40
7146 67 22
7147 63 10
7148 52 6
7149 59 43
7150 45 23
7151 57 49
7152 62 2
7153 47 48
7154 51 44
7155 41 4
7156 45 27
7157 50 33
7158 66 21
7159 47 41
7160 53 8
7161 67 50
7162 40 16
7163 50 16
7164 61 1
7165 44 48
7166 57 37
7167 45 21
7168 51 32
7169 43 18
7170 52 1
7171 65 7
7172 63 42
7173 41 12
7174 61 48
7175 61 46
7176 59 0
7177 60 18
7178 60 14
7179 50 24
7180 40 28
7181 50 3
7182 56 9
7183 52 18
7184 70 40
7185 65 41
7186 66 30
7187 60 42
7188 65 22
7189 59 45
7190 42 8
7191 50 24
7192 53 46
7193 60 43
7194 70 2
7195 58 31
7196 61 22
7197 55 43
7198 41 41
7199 56 3
7200 55 24
7201 67 50
7202 57 38
7203 44 31
7204 53 35
7205 64 22
7206 45 6
7207 52 33
7208 55 36
7209 56 33
7210 42 15
7211 42 38
7212 52 45
7213 57 19
7214 42 48
7215 50 1
7216 40 27
7217 61 14
7218 42 2
7219 41 19
7220 51 22
7221 61 47
7222 57 27
7223 51 20
7224 42 30
7225 53 19
7226 41 21
7227 51 18
7228 62 20
7229 49 5
7230 60 7
7231 67 2
7232 70 11
7233 50 46
7234 50 35
7235 58 10
7236 56 2
7237 51 18
7238 70 19
7239 55 15
7240 45 45
7241 45 12
7242 52 47
7243 49 22
7244 61 34
7245 63 17
7246 49 14
7247 55 40
7248 47 14
7249 46 32
7250 52 4
7251 70 9
7252 62 17
7253 60 26
7254 48 28
7255 40 5
7256 59 35
7257 67 0
7258 68 18
7259 43 43
7260 70 29
7261 47 47
7262 66 9
7263 62 32
7264 58 12
7265 50 50
7266 60 31
7267 59 8
7268 51 2
7269 58 23
7270 70 46
7271 58 48
7272 66 43
7273 59 18
7274 69 13
7275 48 14
7276 54 20
7277 43 34
7278 54 33
7279 44 48
7280 41 36
7281 65 8
7282 65 18
7283 43 14
7284 51 10
7285 60 23
7286 46 20
7287 45 32
7288 46 16
7289 53 49
7290 41 41
7291 68 30
7292 69 30
7293 41 32
7294 61 10
7295 49 15
7296 61 18
7297 65 5
7298 70 32
7299 64 37
7300 63 21
7301 56 46
7302 53 19
7303 46 28
7304 47 37
7305 58 38
7306 61 5
7307 58 45
7308 65 50
7309 54 35
7310 69 43
7311 42 41
7312 65 43
7313 50 18
7314 52 4
7315 55 5
7316 50 23
7317 62 5
7318 42 4
7319 40 46
7320 64 12
7321 66 6
7322 55 32
7323 41 23
7324 61 20
7325 70 44
7326 57 40
7327 67 9
7328 45 15
7329 54 8
7330 55 20
7331 47 36
7332 43 3
7333 67 12
7334 54 1
7335 66 3
7336 45 37
7337 47 0
7338 44 32
7339 41 50
7340 45 45
7341 50 33
7342 69 30
7343 67 40
7344 54 15
7345 42 17
7346 45 18
7347 62 3
7348 40 46
7349 41 40
7350 48 44
7351 52 23
7352 56 6
7353 45 43
7354 54 45
7355 41 2
7356 49 46
7357 51 39
7358 45 5
7359 61 31
7360 48 6
7361 64 48
7362 68 33
7363 69 35
7364 41 32
7365 45 7
7366 58 39
7367 63 12
7368 57 9
7369 64 33
7370 44 1
7371 70 42
7372 51 3
7373 40 44
7374 42 49
7375 52 11
7376 45 14
7377 59 21
7378 60 31
7379 50 20
7380 40 9
7381 42 47
7382 63 35
7383 59 4
7384 59 19
7385 46 23
7386 59 42
7387 62 3
7388 52 41
7389 44 24
7390 62 40
7391 43 49
7392 63 2
7393 44 50
7394 45 47
7395 60 39
7396 55 31
7397 43 0
7398 61 32
7399 47 8
7400 46 4
7401 52 40
7402 55 0
7403 47 25
7404 61 37
7405 49 43
7406 60 42
7407 50 28
7408 53 14
7409 64 25
7410 51 20
7411 40 6
7412 62 48
7413 65 8
7414 65 5
7415 53 30
7416 55 39
7417 61 29
7418 55 24
7419 68 36
7420 51 38
7421 50 44
7422 67 18
7423 64 46
7424 63 13
7425 63 26
7426 46 15
7427 66 45
7428 49 5
7429 45 0
7430 63 33
7431 48 41
7432 57 14
7433 69 43
7434 62 19
7435 69 8
7436 47 14
7437 50 34
7438 51 0
7439 60 28
7440 52 34
7441 70 33
7442 46 41
7443 62 21
7444 64 38
7445 63 19
7446 52 44
7447 66 26
7448 57 11
7449 51 37
7450 65 45
7451 44 1
7452 70 45
7453 69 45
7454 61 17
7455 41 35
7456 46 11
7457 62 1
7458 58 23
7459 65 46
7460 42 39
7461 59 41
7462 52 14
7463 61 25
7464 43 6
7465 55 6
7466 42 40
7467 65 12
7468 48 39
7469 52 20
7470 53 25
7471 49 8
7472 42 22
7473 70 9
7474 67 35
7475 62 14
7476 40 19
7477 69 44
7478 54 8
7479 54 26
7480 58 12
7481 43 42
7482 58 10
7483 68 37
7484 48 8
7485 64 41
7486 42 17
7487 61 10
7488 48 43
7489 47 22
7490 67 32
7491 49 22
7492 68 33
7493 46 15
7494 47 33
7495 50 20
7496 57 24
7497 64 11
7498 41 1
7499 69 46
7500 53 8
7501 48 19
7502 64 3
7503 68 11
7504 52 6
7505 64 23
7506 49 42
7507 46 42
7508 46 44
7509 54 23
7510 65 0
7511 58 16
7512 62 17
7513 65 41
7514 65 48
7515 53 23
7516 57 8
7517 55 27
7518 48 30
7519 63 37
7520 53 34
7521 62 47
7522 61 0
7523 42 8
7524 68 42
7525 64 33
7526 41 24
7527 59 49
7528 56 27
7529 69 10
7530 66 26
7531 68 0
7532 46 25
7533 48 21
7534 68 48
7535 58 22
7536 52 43
7537 63 31
7538 44 8
7539 42 6
7540 57 6
7541 63 18
7542 43 5
7543 46 22
7544 42 26
7545 55 32
7546 61 50
7547 51 36
7548 46 47
7549 52 29
7550 51 7
7551 62 29
7552 64 43
7553 50 26
7554 51 12
7555 64 34
7556 68 7
7557 70 43
7558 67 29
7559 67 35
7560 44 8
7561 62 5
7562 53 2
7563 59 6
7564 63 23
7565 48 23
7566 47 31
7567 67 33
7568 66 33
7569 63 32
7570 46 36
7571 41 50
7572 40 43
7573 47 32
7574 58 29
7575 67 47
7576 47 4
7577 64 38
7578 51 19
7579 49 29
7580 69 7
7581 41 24
7582 62 7
7583 51 50
7584 69 18
7585 52 12
7586 48 7
7587 57 11
7588 60 40
7589 43 48
7590 52 32
7591 64 38
7592 60 4
7593 70 38
7594 50 7
7595 55 22
7596 52 32
7597 43 40
7598 61 49
7599 68 4
7600 40 5
7601 49 27
7602 58 20
7603 48 13
7604 58 30
7605 52 8
7606 42 49
7607 60 32
7608 60 0
7609 51 10
7610 64 47
7611 60 29
7612 50 18
7613 53 2
7614 65 7
7615 64 41
7616 60 8
7617 62 5
7618 41 47
7619 59 19
7620 68 49
7621 45 23
7622 55 44
7623 40 25
7624 47 36
7625 44 7
7626 46 27
7627 65 12
7628 42 9
7629 42 22
7630 52 20
7631 53 38
7632 54 24
7633 40 26
7634 60 25
7635 67 43
7636 58 19
7637 66 36
7638 51 17
7639 54 9
7640 44 26
7641 51 1
7642 49 35
7643 43 23
7644 55 42
7645 59 32
7646 49 42
7647 61 23
7648 51 43
7649 48 5
7650 64 37
7651 45 10
7652 43 23
7653 68 21
7654 68 46
7655 56 11
7656 50 35
7657 49 42
7658 52 35
7659 60 40
7660 44 7
7661 46 7
7662 55 50
7663 62 37
7664 52 24
7665 58 45
7666 48 5
7667 41 22
7668 63 37
7669 68 35
7670 57 20
7671 48 12
7672 66 43
7673 45 1
7674 42 50
7675 67 44
7676 49 6
7677 41 38
7678 46 20
7679 62 12
7680 56 13
7681 42 41
7682 48 30
7683 49 17
7684 59 19
7685 70 50
7686 61 29
7687 69 45
7688 54 17
7689 62 45
7690 44 16
7691 58 16
7692 58 49
7693 65 28
7694 50 40
7695 54 2
7696 44 30
7697 57 19
7698 42 39
7699 42 27
7700 66 8
7701 70 35
7702 41 3
7703 53 47
7704 50 29
7705 50 41
7706 56 39
7707 45 47
7708 51 18
7709 53 17
7710 46 46
7711 65 25
7712 45 26
7713 69 47
7714 63 24
7715 49 6
7716 62 45
7717 44 48
7718 68 50
7719 70 23
7720 66 5
7721 64 34
7722 56 11
7723 69 5
7724 66 16
7725 42 16
7726 68 39
7727 43 28
7728 62 2
7729 58 24
7730 61 13
7731 48 0
7732 54 17
7733 58 27
7734 68 20
7735 43 24
7736 69 31
7737 58 25
7738 70 10
7739 40 12
7740 58 32
7741 41 43
7742 68 9
7743 56 32
7744 49 44
7745 46 19
7746 64 22
7747 46 8
7748 55 34
7749 56 4
7750 63 31
7751 47 47
7752 53 30
7753 42 12
7754 53 9
7755 61 15
7756 65 28
7757 59 23
7758 47 39
7759 53 15
7760 58 18
7761 67 31
7762 61 43
7763 67 14
7764 67 0
7765 47 0
7766 68 31
7767 63 16
7768 55 8
7769 50 32
7770 47 48
7771 42 22
7772 42 13
7773 69 41
7774 56 43
7775 70 11
7776 45 11
7777 60 36
7778 58 22
7779 69 50
7780 56 33
7781 41 0
7782 40 18
7783 54 7
7784 44 38
7785 64 0
7786 52 16
7787 58 30
7788 40 29
7789 70 27
7790 52 43
7791 43 16
7792 52 19
7793 69 16
7794 59 32
7795 42 36
7796 48 30
7797 54 46
7798 53 1
7799 48 48
7800 44 14
7801 58 18
7802 49 37
7803 54 4
7804 60 49
7805 49 31
7806 43 50
7807 45 37
7808 64 15
7809 47 22
7810 41 1
7811 51 9
7812 43 32
7813 44 33
7814 63 9
7815 53 8
7816 60 8
7817 55 40
7818 66 35
7819 43 41
7820 53 26
7821 68 22
7822 58 28
7823 59 42
7824 55 5
7825 52 35
7826 48 32
7827 43 47
7828 49 38
7829 46 20
7830 48 13
7831 49 38
7832 66 43
7833 45 37
7834 43 48
7835 52 48
7836 60 19
7837 56 9
7838 64 21
7839 66 5
7840 46 11
7841 58 26
7842 67 49
7843 63 47
7844 44 1
7845 55 25
7846 42 20
7847 45 17
7848 44 11
7849 44 19
7850 46 41
7851 53 22
7852 51 28
7853 53 14
7854 56 36
7855 68 1
7856 69 41
7857 49 6
7858 59 12
7859 65 14
7860 58 40
7861 57 4
7862 42 15
7863 63 16
7864 61 42
7865 42 11
7866 49 1
7867 57 35
7868 41 15
7869 41 12
7870 43 32
7871 57 25
7872 62 44
7873 50 14
7874 47 25
7875 66 23
7876 51 47
7877 60 34
7878 48 25
7879 67 13
7880 55 29
7881 53 5
7882 61 39
7883 56 45
7884 41 14
7885 61 2
7886 57 11
7887 54 26
7888 70 34
7889 63 35
7890 57 43
7891 51 41
7892 65 33
7893 58 21
7894 66 1
7895 69 36
7896 61 19
7897 40 30
7898 45 36
7899 61 2
7900 45 32
7901 46 40
7902 53 21
7903 56 8
7904 57 15
7905 45 14
7906 48 0
7907 64 21
7908 45 14
7909 58 21
7910 58 17
7911 45 43
7912 43 26
7913 46 5
7914 69 32
7915 43 33
7916 42 8
7917 59 13
7918 68 16
7919 45 42
7920 63 15
7921 67 27
7922 54 31
7923 61 47
7924 54 3
7925 63 10
7926 58 50
7927 44 43
7928 51 32
7929 59 9
7930 51 9
7931 48 32
7932 64 23
7933 59 30
7934 44 41
7935 56 32
7936 57 49
7937 45 31
7938 41 41
7939 44 49
7940 54 31
7941 60 23
7942 69 15
7943 59 8
7944 58 8
7945 62 5
7946 48 4
7947 62 35
7948 45 2
7949 66 40
7950 58 2
7951 43 3
7952 57 47
7953 52 49
7954 69 37
7955 55 3
7956 44 21
7957 41 39
7958 53 45
7959 55 13
7960 43 49
7961 51 22
7962 57 29
7963 53 8
7964 43 20
7965 41 21
7966 64 14
7967 49 39
7968 51 30
7969 49 27
7970 40 37
7971 56 8
7972 55 27
7973 51 12
7974 46 16
7975 48 35
7976 41 27
7977 45 29
7978 58 24
7979 58 17
7980 63 15
7981 60 11
7982 65 37
7983 41 13
7984 65 33
7985 51 6
7986 69 9
7987 68 24
7988 44 32
7989 40 44
7990 54 25
7991 65 43
7992 40 14
7993 40 1
7994 42 22
7995 40 43
7996 47 38
7997 63 46
7998 49 49
7999 47 18
8000 61 19
