8001 53 49
8002 48 50
8003 59 0
8004 59 18
8005 59 1
8006 40 49
8007 57 0
8008 49 40
8009 68 29
8010 52 32
8011 65 50
8012 48 4
8013 65 9
8014 51 44
8015 49 45
8016 54 33
8017 56 12
8018 58 33
8019 52 13
8020 61 35
8021 63 22
8022 45 44
8023 40 1
8024 63 4
8025 54 16
8026 42 6
8027 61 15
8028 40 1
8029 60 6
8030 54 4
8031 44 34
8032 61 0
8033 67 17
8034 53 34
8035 40 27
8036 49 50
8037 60 18
8038 57 39
8039 45 28
8040 56 41
8041 53 28
8042 49 22
8043 68 16
8044 58 43
8045 69 34
8046 60 4
8047 45 31
8048 56 8
8049 42 11
8050 56 2
8051 63 18
8052 67 14
8053 58 50
8054 44 13
8055 61 18
8056 57 0
8057 63 16
8058 60 13
8059 66 49
8060 69 39
8061 58 17
8062 42 35
8063 53 34
8064 55 19
8065 67 32
8066 60 20
8067 57 46
8068 67 25
8069 48 14
8070 61 45
8071 69 20
8072 65 18
8073 67 27
8074 59 48
8075 41 39
8076 65 2
8077 40 8
8078 59 8
8079 42 0
8080 69 6
8081 40 46
8082 67 24
8083 66 42
8084 41 4
8085 45 31
8086 47 25
8087 63 1
8088 44 4
8089 60 23
8090 52 8
8091 59 36
8092 53 16
8093 45 13
8094 52 50
8095 69 50
8096 60 27
8097 57 19
8098 45 45
8099 69 40
8100 70 39
8101 40 43
8102 64 35
8103 49 18
8104 68 21
8105 58 3
8106 48 25
8107 61 12
8108 68 50
8109 48 34
8110 64 43
8111 63 40
8112 61 35
8113 57 35
8114 60 22
8115 53 1
8116 62 3
8117 58 30
8118 62 2
8119 48 9
8120 47 33
8121 44 34
8122 60 4
8123 45 50
8124 56 37
8125 55 27
8126 52 10
8127 53 17
8128 69 1
8129 43 46
8130 47 31
8131 64 0
8132 43 2
8133 65 12
8134 69 35
8135 51 18
8136 67 27
8137 51 10
8138 55 6
8139 49 30
8140 68 7
8141 67 13
8142 68 22
8143 70 27
8144 70 25
8145 65 36
8146 68 15
8147 53 30
8148 47 40
8149 44 7
8150 50 11
8151 46 1
8152 44 12
8153 65 41
8154 70 37
8155 53 10
8156 59 10
8157 49 17
8158 64 35
8159 44 21
8160 48 12
8161 70 14
8162 51 20
8163 62 47
8164 40 43
8165 47 40
8166 50 43
8167 62 14
8168 68 24
8169 58 20
8170 56 21
8171 58 26
8172 49 22
8173 54 9
8174 51 5
8175 68 47
8176 62 12
8177 45 30
8178 57 14
8179 65 38
8180 51 37
8181 60 11
8182 67 27
8183 63 22
8184 42 37
8185 61 0
8186 67 9
8187 48 20
8188 62 50
8189 63 30
8190 55 11
8191 64 31
8192 50 34
8193 66 42
8194 68 34
8195 65 25
8196 54 12
8197 48 19
8198 58 32
8199 50 0
8200 53 32
8201 51 13
8202 60 32
8203 51 42
8204 63 27
8205 63 39
8206 48 45
8207 47 1
8208 60 9
8209 69 41
8210 47 26
8211 64 6
8212 68 12
8213 43 22
8214 52 39
8215 69 41
8216 49 33
8217 61 20
8218 54 24
8219 41 23
8220 51 16
8221 48 2
8222 41 26
8223 57 20
8224 50 5
8225 69 24
8226 69 10
8227 63 24
8228 67 5
8229 55 20
8230 41 23
8231 46 31
8232 60 21
8233 58 23
8234 62 39
8235 47 25
8236 68 15
8237 63 2
8238 42 38
8239 49 45
8240 67 34
8241 43 47
8242 42 1
8243 54 41
8244 66 25
8245 56 33
8246 62 1
8247 55 35
8248 62 32
8249 59 50
8250 70 36
8251 46 38
8252 53 17
8253 65 25
8254 49 8
8255 48 49
8256 67 14
8257 48 10
8258 59 7
8259 44 7
8260 61 24
8261 59 20
8262 70 18
8263 55 25
8264 45 40
8265 53 34
8266 67 23
8267 43 25
8268 58 34
8269 58 6
8270 64 25
8271 59 25
8272 55 25
8273 56 43
8274 62 32
8275 54 19
8276 58 46
8277 41 20
8278 57 25
8279 57 32
8280 44 30
8281 58 17
8282 48 9
8283 63 24
8284 67 25
8285 41 37
8286 45 2
8287 63 44
8288 68 1
8289 56 27
8290 47 50
8291 60 48
8292 47 29
8293 54 20
8294 57 49
8295 64 18
8296 65 33
8297 70 44
8298 51 13
8299 50 40
8300 69 40
8301 49 20
8302 69 0
8303 69 34
8304 63 42
8305 66 19
8306 70 48
8307 41 29
8308 59 16
8309 63 34
8310 56 40
8311 56 42
8312 56 44
8313 51 32
8314 57 18
8315 63 27
8316 48 45
8317 68 0
8318 60 24
8319 43 35
8320 58 44
8321 52 12
8322 55 44
8323 47 44
8324 48 26
8325 42 3
8326 69 21
8327 64 26
8328 59 25
8329 63 22
8330 68 0
8331 68 44
8332 55 27
8333 42 47
8334 66 5
8335 43 11
8336 64 48
8337 69 22
8338 63 2
8339 64 41
8340 65 37
8341 68 16
8342 50 48
8343 62 25
8344 70 40
8345 59 19
8346 57 36
8347 47 13
8348 62 49
8349 51 23
8350 46 38
8351 46 22
8352 40 42
8353 70 29
8354 44 21
8355 48 6
8356 66 25
8357 69 22
8358 61 21
8359 64 50
8360 53 44
8361 53 10
8362 66 46
8363 56 21
8364 66 38
8365 65 23
8366 59 32
8367 64 50
8368 40 10
8369 55 38
8370 54 31
8371 65 20
8372 50 12
8373 46 7
8374 42 10
8375 50 2
8376 41 23
8377 62 8
8378 43 31
8379 50 31
8380 66 42
8381 46 10
8382 48 40
8383 49 40
8384 45 4
8385 65 25
8386 54 45
8387 64 25
8388 67 42
8389 62 50
8390 41 48
8391 61 33
8392 49 29
8393 70 29
8394 65 6
8395 65 0
8396 54 39
8397 64 2
8398 56 3
8399 60 29
8400 65 25
8401 57 41
8402 58 31
8403 69 12
8404 58 43
8405 44 39
8406 70 47
8407 63 50
8408 64 50
8409 58 11
8410 50 49
8411 53 33
8412 63 41
8413 68 40
8414 59 9
8415 50 6
8416 46 21
8417 47 27
8418 69 8
8419 59 35
8420 59 48
8421 62 12
8422 43 10
8423 70 41
8424 59 42
8425 44 29
8426 55 42
8427 70 1
8428 67 10
8429 50 10
8430 65 12
8431 51 12
8432 57 33
8433 54 10
8434 55 31
8435 57 39
8436 60 32
8437 41 45
8438 44 31
8439 46 20
8440 60 1
8441 69 22
8442 69 27
8443 57 9
8444 64 9
8445 70 30
8446 49 4
8447 70 49
8448 62 7
8449 54 22
8450 55 10
8451 40 22
8452 57 14
8453 46 23
8454 69 31
8455 63 38
8456 54 13
8457 58 37
8458 55 18
8459 60 19
8460 57 23
8461 70 44
8462 50 34
8463 63 18
8464 46 9
8465 70 34
8466 61 31
8467 55 33
8468 52 37
8469 40 49
8470 40 12
8471 50 22
8472 60 6
8473 52 5
8474 50 33
8475 58 33
8476 51 21
8477 42 8
8478 48 31
8479 48 42
8480 70 20
8481 42 5
8482 46 34
8483 44 0
8484 53 49
8485 40 21
8486 47 23
8487 42 20
8488 55 31
8489 61 9
8490 68 46
8491 49 48
8492 44 13
8493 42 13
8494 61 40
8495 41 27
8496 70 38
8497 44 11
8498 58 23
8499 66 1
8500 47 8
8501 62 23
8502 57 41
8503 40 3
8504 51 19
8505 47 3
8506 62 5
8507 55 38
8508 42 10
8509 51 46
8510 66 46
8511 45 21
8512 42 35
8513 44 45
8514 54 35
8515 48 50
8516 67 47
8517 61 36
8518 68 1
8519 44 10
8520 63 6
8521 66 50
8522 61 42
8523 41 4
8524 64 11
8525 70 27
8526 54 50
8527 61 44
8528 56 17
8529 43 1
8530 68 19
8531 44 40
8532 63 14
8533 56 34
8534 47 37
8535 65 10
8536 55 25
8537 62 26
8538 65 19
8539 57 38
8540 44 36
8541 60 38
8542 54 42
8543 60 10
8544 67 46
8545 64 45
8546 50 45
8547 55 5
8548 51 5
8549 63 0
8550 42 23
8551 62 35
8552 50 48
8553 59 21
8554 69 37
8555 65 35
8556 67 43
8557 60 3
8558 57 27
8559 45 35
8560 59 11
8561 49 12
8562 60 16
8563 43 50
8564 48 20
8565 65 0
8566 54 39
8567 44 13
8568 62 4
8569 61 40
8570 42 21
8571 58 19
8572 63 6
8573 51 37
8574 60 29
8575 41 8
8576 70 26
8577 46 0
8578 69 16
8579 52 15
8580 70 29
8581 44 27
8582 52 32
8583 61 38
8584 60 42
8585 48 7
8586 64 42
8587 57 39
8588 63 6
8589 66 22
8590 53 15
8591 48 35
8592 53 25
8593 45 38
8594 51 45
8595 69 47
8596 61 1
8597 43 17
8598 69 12
8599 68 15
8600 49 48
8601 45 44
8602 50 7
8603 69 12
8604 59 10
8605 44 12
8606 50 14
8607 65 45
8608 47 41
8609 46 3
8610 69 41
8611 59 49
8612 57 16
8613 57 12
8614 68 11
8615 53 32
8616 47 46
8617 57 47
8618 56 28
8619 62 43
8620 47 49
8621 53 6
8622 59 41
8623 47 22
8624 61 48
8625 46 50
8626 52 1
8627 64 34
8628 62 22
8629 68 42
8630 49 26
8631 70 2
8632 62 3
8633 61 19
8634 52 32
8635 42 50
8636 59 41
8637 58 26
8638 69 44
8639 45 30
8640 70 33
8641 70 23
8642 59 15
8643 59 15
8644 62 30
8645 65 17
8646 67 31
8647 58 2
8648 42 32
8649 60 14
8650 55 43
8651 49 21
8652 49 39
8653 64 24
8654 59 14
8655 54 28
8656 53 8
8657 41 6
8658 44 18
8659 62 41
8660 41 29
8661 63 21
8662 61 50
8663 63 47
8664 66 32
8665 50 33
8666 60 48
8667 54 38
8668 63 38
8669 44 27
8670 64 46
8671 59 40
8672 44 48
8673 64 35
8674 56 29
8675 66 16
8676 66 50
8677 50 1
8678 65 48
8679 65 30
8680 59 40
8681 61 39
8682 54 42
8683 57 6
8684 50 49
8685 68 46
8686 48 19
8687 56 14
8688 59 20
8689 48 34
8690 64 39
8691 68 36
8692 65 4
8693 47 38
8694 51 47
8695 64 8
8696 57 11
8697 50 27
8698 57 5
8699 51 17
8700 62 39
8701 47 8
8702 49 22
8703 60 39
8704 54 6
8705 47 5
8706 51 35
8707 56 40
8708 46 14
8709 42 50
8710 64 44
8711 66 30
8712 46 27
8713 51 27
8714 53 3
8715 53 40
8716 65 40
8717 44 8
8718 40 14
8719 48 1
8720 56 19
8721 60 49
8722 49 28
8723 69 8
8724 60 24
8725 40 50
8726 46 13
8727 55 16
8728 50 41
8729 70 31
8730 65 35
8731 46 45
8732 46 40
8733 65 3
8734 45 15
8735 59 17
8736 58 35
8737 64 49
8738 66 27
8739 50 27
8740 41 11
8741 61 23
8742 52 18
8743 58 23
8744 59 22
8745 50 24
8746 59 42
8747 43 8
8748 44 1
8749 63 49
8750 66 24
8751 50 46
8752 65 33
8753 49 23
8754 69 22
8755 54 34
8756 59 35
8757 61 18
8758 58 41
8759 68 23
8760 43 48
8761 62 50
8762 40 3
8763 64 46
8764 46 34
8765 48 32
8766 49 5
8767 47 33
8768 57 36
8769 67 38
8770 44 17
8771 57 3
8772 55 17
8773 48 25
8774 63 32
8775 41 40
8776 55 37
8777 70 50
8778 57 45
8779 55 23
8780 43 38
8781 60 44
8782 54 12
8783 44 8
8784 55 3
8785 64 22
8786 55 47
8787 52 2
8788 68 47
8789 68 26
8790 48 28
8791 46 27
8792 60 35
8793 62 45
8794 45 42
8795 63 37
8796 64 39
8797 44 27
8798 68 9
8799 56 49
8800 60 22
8801 46 0
8802 50 33
8803 40 9
8804 41 1
8805 53 2
8806 45 30
8807 61 48
8808 43 22
8809 41 8
8810 70 27
8811 46 29
8812 49 5
8813 58 44
8814 48 18
8815 45 31
8816 68 50
8817 49 27
8818 62 40
8819 56 4
8820 50 18
8821 41 25
8822 47 34
8823 51 16
8824 61 41
8825 63 5
8826 65 23
8827 68 13
8828 59 48
8829 66 49
8830 48 44
8831 46 11
8832 48 20
8833 43 15
8834 62 46
8835 55 33
8836 49 25
8837 66 47
8838 70 31
8839 51 25
8840 64 28
8841 46 28
8842 51 19
8843 54 38
8844 41 11
8845 68 2
8846 44 10
8847 48 40
8848 52 36
8849 70 38
8850 56 0
8851 45 15
8852 58 14
8853 58 30
8854 55 38
8855 49 46
8856 67 25
8857 54 9
8858 64 29
8859 47 26
8860 42 34
8861 53 20
8862 43 36
8863 52 25
8864 62 2
8865 65 47
8866 42 47
8867 63 27
8868 54 4
8869 43 11
8870 59 22
8871 49 35
8872 67 9
8873 42 28
8874 46 45
8875 44 25
8876 47 47
8877 69 18
8878 61 8
8879 57 45
8880 51 17
8881 64 39
8882 44 25
8883 57 16
8884 62 15
8885 70 11
8886 54 23
8887 60 2
8888 51 17
8889 70 25
8890 41 26
8891 49 16
8892 49 35
8893 55 24
8894 46 48
8895 67 41
8896 46 30
8897 64 30
8898 67 27
8899 59 9
8900 69 8
8901 43 14
8902 57 13
8903 40 50
8904 46 31
8905 47 37
8906 68 33
8907 42 33
8908 59 16
8909 45 1
8910 58 11
8911 63 25
8912 67 12
8913 52 4
8914 59 49
8915 46 15
8916 49 27
8917 41 13
8918 49 17
8919 62 1
8920 70 7
8921 44 37
8922 60 34
8923 54 2
8924 61 42
8925 67 6
8926 58 45
8927 56 47
8928 57 26
8929 44 20
8930 44 25
8931 53 38
8932 68 25
8933 48 26
8934 68 35
8935 54 39
8936 41 5
8937 45 42
8938 61 34
8939 42 46
8940 45 21
8941 43 35
8942 54 37
8943 50 15
8944 49 21
8945 62 26
8946 53 37
8947 52 44
8948 51 25
8949 56 16
8950 50 1
8951 45 29
8952 43 9
8953 56 48
8954 61 37
8955 70 35
8956 55 21
8957 52 26
8958 53 5
8959 40 0
8960 41 36
8961 44 33
8962 66 12
8963 69 27
8964 50 42
8965 55 18
8966 46 44
8967 44 25
8968 60 44
8969 70 25
8970 59 26
8971 68 31
8972 55 28
8973 54 19
8974 54 47
8975 47 30
8976 68 37
8977 48 3
8978 64 34
8979 49 22
8980 53 25
8981 59 16
8982 68 15
8983 66 3
8984 46 14
8985 58 8
8986 53 8
8987 46 15
8988 61 38
8989 51 40
8990 60 43
8991 70 35
8992 46 15
8993 59 34
8994 60 15
8995 58 35
8996 54 29
8997 69 8
8998 52 4
8999 45 8
9000 50 20
