11001 51 2
11002 46 49
11003 51 14
11004 57 11
11005 47 11
11006 53 1
11007 40 47
11008 42 22
11009 56 27
11010 60 41
11011 67 20
11012 53 45
11013 66 1
11014 68 21
11015 51 44
11016 53 14
11017 52 39
11018 55 37
11019 65 22
11020 53 13
11021 63 32
11022 65 5
11023 70 35
11024 70 4
11025 49 38
11026 50 7
11027 42 26
11028 41 14
11029 42 40
11030 51 50
11031 58 7
11032 50 40
11033 65 29
11034 40 6
11035 40 12
11036 50 46
11037 48 28
11038 61 14
11039 66 22
11040 58 19
11041 49 14
11042 66 21
11043 52 42
11044 70 50
11045 53 1
11046 55 25
11047 47 17
11048 41 46
11049 52 22
11050 65 23
11051 60 35
11052 58 48
11053 40 22
11054 52 25
11055 61 13
11056 58 46
11057 40 39
11058 68 1
11059 58 17
11060 56 41
11061 62 33
11062 62 4
11063 42 27
11064 62 33
11065 62 50
11066 50 39
11067 48 24
11068 44 1
11069 53 12
11070 62 1
11071 45 11
11072 52 20
11073 69 46
11074 51 17
11075 43 16
11076 56 48
11077 60 44
11078 53 13
11079 52 38
11080 48 37
11081 57 8
11082 64 20
11083 70 39
11084 47 39
11085 51 45
11086 66 39
11087 40 50
11088 63 17
11089 65 44
11090 42 33
11091 67 29
11092 56 5
11093 41 1
11094 61 33
11095 52 33
11096 52 19
11097 44 50
11098 66 19
11099 40 48
11100 69 8
11101 56 22
11102 51 48
11103 61 46
11104 54 35
11105 45 23
11106 60 0
11107 45 19
11108 47 0
11109 67 48
11110 52 8
11111 58 0
11112 50 21
11113 43 6
11114 54 28
11115 65 13
11116 64 22
11117 47 7
11118 59 14
11119 46 49
11120 65 11
11121 59 5
11122 66 26
11123 61 26
11124 63 6
11125 52 48
11126 40 44
11127 62 36
11128 42 32
11129 43 43
11130 52 46
11131 46 9
11132 50 9
11133 62 23
11134 52 31
11135 50 32
11136 41 18
11137 40 13
11138 55 47
11139 62 49
11140 41 31
11141 58 10
11142 65 38
11143 46 34
11144 53 0
11145 69 7
11146 67 17
11147 55 21
11148 54 33
11149 56 20
11150 67 14
11151 47 39
11152 43 40
11153 40 22
11154 50 7
11155 64 33
11156 57 46
11157 52 1
11158 64 19
11159 57 16
11160 59 24
11161 64 19
11162 59 49
11163 41 12
11164 56 49
11165 64 2
11166 69 8
11167 70 9
11168 45 2
11169 45 29
11170 58 9
11171 41 45
11172 59 48
11173 61 26
11174 51 5
11175 62 28
11176 66 2
11177 42 36
11178 48 37
11179 50 30
11180 66 48
11181 69 34
11182 67 6
11183 45 5
11184 62 42
11185 64 23
11186 57 46
11187 67 37
11188 45 9
11189 70 10
11190 69 32
11191 60 8
11192 40 39
11193 49 10
11194 41 12
11195 56 7
11196 61 42
11197 47 4
11198 50 17
11199 54 49
11200 42 49
11201 40 21
11202 45 33
11203 60 23
11204 68 42
11205 63 50
11206 54 7
11207 46 17
11208 58 45
11209 53 8
11210 62 48
11211 52 50
11212 56 9
11213 56 18
11214 65 43
11215 41 39
11216 44 4
11217 63 45
11218 60 49
11219 54 7
11220 41 45
11221 46 42
11222 52 44
11223 60 10
11224 41 24
11225 56 41
11226 45 23
11227 41 23
11228 42 31
11229 50 10
11230 51 33
11231 52 15
11232 58 10
11233 49 13
11234 55 29
11235 55 4
11236 45 25
11237 67 14
11238 50 1
11239 41 2
11240 69 10
11241 61 10
11242 67 23
11243 43 9
11244 58 17
11245 54 42
11246 62 12
11247 53 36
11248 46 5
11249 67 50
11250 67 36
11251 45 31
11252 62 35
11253 58 17
11254 70 2
11255 68 6
11256 50 20
11257 49 48
11258 69 15
11259 47 6
11260 58 11
11261 49 16
11262 42 26
11263 65 12
11264 62 41
11265 63 40
11266 43 2
11267 63 47
11268 43 11
11269 49 2
11270 42 47
11271 42 10
11272 54 35
11273 40 42
11274 44 15
11275 63 37
11276 65 47
11277 51 19
11278 56 39
11279 43 18
11280 42 11
11281 49 10
11282 70 26
11283 68 9
11284 67 44
11285 64 12
11286 41 32
11287 64 17
11288 43 7
11289 58 45
11290 42 28
11291 49 47
11292 49 48
11293 52 0
11294 45 11
11295 50 49
11296 42 36
11297 47 4
11298 41 35
11299 40 16
11300 46 25
11301 46 22
11302 58 8
11303 61 19
11304 43 49
11305 49 12
11306 65 9
11307 56 29
11308 42 23
11309 62 23
11310 58 50
11311 61 31
11312 70 45
11313 59 17
11314 45 7
11315 61 18
11316 62 44
11317 45 42
11318 41 8
11319 47 32
11320 62 1
11321 42 34
11322 52 26
11323 49 14
11324 55 11
11325 54 23
11326 46 8
11327 69 40
11328 44 0
11329 61 46
11330 61 10
11331 70 14
11332 70 39
11333 45 24
11334 46 24
11335 44 21
11336 69 8
11337 42 24
11338 55 41
11339 51 42
11340 67 4
11341 58 22
11342 67 3
11343 43 6
11344 67 35
11345 61 48
11346 55 41
11347 55 48
11348 70 21
11349 45 42
11350 68 46
11351 63 33
11352 44 32
11353 48 44
11354 66 17
11355 57 25
11356 40 11
11357 41 1
11358 51 29
11359 68 28
11360 57 0
11361 41 47
11362 53 41
11363 54 20
11364 66 40
11365 48 15
11366 53 35
11367 55 11
11368 41 41
11369 54 50
11370 60 30
11371 48 47
11372 47 2
11373 65 21
11374 59 39
11375 52 17
11376 50 14
11377 69 15
11378 64 46
11379 67 16
11380 62 0
11381 55 40
11382 59 9
11383 42 28
11384 50 25
11385 44 25
11386 43 30
11387 69 27
11388 56 25
11389 61 3
11390 69 20
11391 44 25
11392 40 0
11393 44 19
11394 66 2
11395 66 21
11396 54 13
11397 70 26
11398 53 33
11399 62 16
11400 65 8
11401 50 36
11402 70 23
11403 41 17
11404 40 44
11405 69 37
11406 67 32
11407 44 42
11408 62 32
11409 48 38
11410 65 38
11411 69 21
11412 61 0
11413 48 45
11414 68 50
11415 56 42
11416 59 18
11417 52 2
11418 61 1
11419 62 10
11420 63 37
11421 41 38
11422 63 11
11423 44 8
11424 69 15
11425 64 4
11426 41 12
11427 62 47
11428 52 33
11429 57 35
11430 66 37
11431 43 18
11432 48 17
11433 68 27
11434 46 22
11435 59 25
11436 48 33
11437 65 1
11438 55 40
11439 56 28
11440 62 3
11441 45 5
11442 63 14
11443 68 41
11444 69 48
11445 54 48
11446 44 28
11447 59 24
11448 60 40
11449 65 21
11450 41 16
11451 48 25
11452 60 44
11453 42 22
11454 63 47
11455 42 36
11456 53 20
11457 63 34
11458 59 50
11459 49 18
11460 51 7
11461 66 29
11462 62 32
11463 61 45
11464 64 31
11465 58 27
11466 49 43
11467 47 35
11468 50 21
11469 52 29
11470 65 27
11471 50 17
11472 42 47
11473 69 3
11474 60 15
11475 42 20
11476 46 35
11477 49 18
11478 42 11
11479 41 24
11480 60 28
11481 43 29
11482 49 40
11483 64 2
11484 64 11
11485 46 16
11486 66 8
11487 56 27
11488 53 28
11489 47 29
11490 58 12
11491 60 13
11492 44 1
11493 50 5
11494 59 18
11495 50 16
11496 58 43
11497 63 25
11498 43 40
11499 59 38
11500 60 34
11501 55 22
11502 70 21
11503 61 49
11504 55 35
11505 49 2
11506 45 47
11507 42 3
11508 56 46
11509 70 24
11510 52 7
11511 44 24
11512 46 49
11513 51 11
11514 43 49
11515 55 38
11516 56 47
11517 46 46
11518 67 15
11519 52 14
11520 55 5
11521 59 3
11522 48 33
11523 68 40
11524 62 10
11525 66 3
11526 40 42
11527 44 47
11528 68 2
11529 42 14
11530 44 32
11531 50 22
11532 43 27
11533 62 20
11534 50 31
11535 43 41
11536 49 48
11537 55 5
11538 67 18
11539 64 6
11540 65 30
11541 45 4
11542 49 50
11543 41 50
11544 66 32
11545 63 40
11546 69 40
11547 40 0
11548 57 23
11549 68 26
11550 54 23
11551 42 41
11552 53 28
11553 60 7
11554 68 11
11555 60 41
11556 44 24
11557 65 19
11558 41 48
11559 67 7
11560 42 35
11561 42 24
11562 40 30
11563 48 33
11564 54 16
11565 49 50
11566 44 44
11567 51 8
11568 44 22
11569 58 31
11570 54 31
11571 52 16
11572 44 23
11573 40 48
11574 65 14
11575 43 6
11576 42 2
11577 43 5
11578 53 48
11579 56 44
11580 70 7
11581 50 8
11582 64 26
11583 40 2
11584 48 34
11585 44 49
11586 44 28
11587 68 6
11588 51 42
11589 63 32
11590 59 14
11591 56 42
11592 45 23
11593 59 27
11594 67 47
11595 63 41
11596 50 19
11597 59 25
11598 43 30
11599 54 26
11600 70 40
11601 62 11
11602 64 32
11603 47 46
11604 56 37
11605 53 50
11606 46 15
11607 70 16
11608 51 32
11609 51 26
11610 52 40
11611 65 37
11612 63 30
11613 61 7
11614 59 32
11615 47 19
11616 59 40
11617 40 48
11618 64 35
11619 50 5
11620 68 27
11621 50 17
11622 56 1
11623 65 49
11624 40 19
11625 43 31
11626 53 27
11627 57 22
11628 41 46
11629 52 49
11630 44 9
11631 64 23
11632 70 35
11633 48 35
11634 62 40
11635 59 15
11636 54 6
11637 55 19
11638 48 49
11639 58 25
11640 51 29
11641 64 27
11642 41 49
11643 59 0
11644 55 27
11645 65 30
11646 42 43
11647 57 44
11648 54 22
11649 60 42
11650 56 13
11651 67 37
11652 42 46
11653 62 25
11654 65 18
11655 61 44
11656 49 14
11657 55 40
11658 51 1
11659 41 39
11660 62 35
11661 69 13
11662 61 47
11663 68 35
11664 62 37
11665 43 11
11666 46 11
11667 59 36
11668 50 25
11669 55 41
11670 55 37
11671 46 2
11672 63 38
11673 51 4
11674 43 35
11675 55 32
11676 65 25
11677 43 13
11678 69 34
11679 70 42
11680 58 22
11681 55 38
11682 65 11
11683 43 46
11684 51 13
11685 63 11
11686 67 27
11687 70 2
11688 40 22
11689 64 29
11690 58 4
11691 63 49
11692 70 19
11693 57 39
11694 55 33
11695 40 16
11696 69 35
11697 60 35
11698 52 3
11699 45 16
11700 65 8
11701 59 0
11702 55 7
11703 58 18
11704 40 44
11705 40 43
11706 62 27
11707 42 19
11708 62 11
11709 61 44
11710 63 46
11711 54 47
11712 61 8
11713 69 10
11714 52 49
11715 53 38
11716 45 44
11717 45 14
11718 54 36
11719 56 43
11720 54 50
11721 66 20
11722 52 32
11723 52 30
11724 45 43
11725 44 19
11726 65 21
11727 52 43
11728 70 20
11729 44 47
11730 61 25
11731 51 13
11732 55 46
11733 43 30
11734 54 14
11735 61 17
11736 69 11
11737 52 36
11738 47 35
11739 41 46
11740 55 0
11741 59 0
11742 55 33
11743 55 8
11744 67 48
11745 42 35
11746 55 13
11747 68 32
11748 68 5
11749 67 26
11750 60 11
11751 48 22
11752 46 35
11753 43 32
11754 56 25
11755 55 5
11756 62 36
11757 50 4
11758 53 44
11759 51 43
11760 56 43
11761 62 2
11762 44 23
11763 66 13
11764 43 34
11765 54 21
11766 57 50
11767 63 5
11768 69 38
11769 68 18
11770 49 22
11771 61 36
11772 66 16
11773 46 16
11774 60 22
11775 68 25
11776 70 2
11777 64 45
11778 46 20
11779 49 33
11780 66 14
11781 59 29
11782 64 46
11783 46 21
11784 60 17
11785 60 35
11786 55 38
11787 65 34
11788 63 4
11789 62 17
11790 54 47
11791 69 36
11792 51 35
11793 67 49
11794 55 40
11795 41 50
11796 40 16
11797 54 21
11798 46 16
11799 63 33
11800 44 37
11801 61 41
11802 54 0
11803 40 46
11804 50 29
11805 45 20
11806 60 26
11807 67 7
11808 41 35
11809 51 9
11810 41 4
11811 64 4
11812 58 3
11813 58 50
11814 65 18
11815 63 10
11816 52 9
11817 40 1
11818 46 22
11819 41 10
11820 67 21
11821 45 6
11822 63 23
11823 60 9
11824 61 35
11825 55 9
11826 64 50
11827 61 43
11828 62 20
11829 55 21
11830 52 21
11831 54 18
11832 68 41
11833 57 14
11834 50 24
11835 48 16
11836 42 30
11837 42 27
11838 54 3
11839 58 41
11840 52 41
11841 68 46
11842 58 10
11843 49 41
11844 44 16
11845 46 37
11846 59 17
11847 62 36
11848 66 1
11849 53 22
11850 49 3
11851 46 38
11852 70 17
11853 59 14
11854 52 37
11855 55 15
11856 42 9
11857 70 49
11858 54 47
11859 64 35
11860 42 13
11861 63 21
11862 67 39
11863 51 6
11864 61 4
11865 53 47
11866 69 38
11867 55 10
11868 60 7
11869 41 41
11870 60 31
11871 64 0
11872 68 8
11873 53 12
11874 62 26
11875 58 17
11876 58 1
11877 66 27
11878 70 39
11879 46 35
11880 70 45
11881 53 45
11882 45 25
11883 60 29
11884 66 8
11885 64 22
11886 43 0
11887 50 42
11888 64 42
11889 60 32
11890 41 16
11891 55 12
11892 47 5
11893 68 39
11894 48 1
11895 54 47
11896 41 42
11897 47 11
11898 58 1
11899 54 20
11900 40 23
11901 67 19
11902 61 24
11903 40 18
11904 67 20
11905 66 4
11906 67 36
11907 57 19
11908 62 9
11909 52 34
11910 40 12
11911 57 16
11912 46 47
11913 58 4
11914 48 25
11915 51 40
11916 42 2
11917 41 43
11918 47 4
11919 66 38
11920 40 3
11921 62 0
11922 49 14
11923 58 10
11924 59 28
11925 60 20
11926 42 7
11927 42 24
11928 63 18
11929 57 11
11930 61 27
11931 61 0
11932 64 12
11933 66 11
11934 45 43
11935 44 30
11936 48 4
11937 40 44
11938 59 19
11939 58 28
11940 55 20
11941 43 13
11942 69 24
11943 58 21
11944 55 36
11945 70 10
11946 63 7
11947 55 47
11948 50 34
11949 50 0
11950 47 31
11951 49 16
11952 61 22
11953 61 32
11954 60 36
11955 53 3
11956 63 42
11957 44 42
11958 47 24
11959 67 38
11960 57 2
11961 55 15
11962 59 46
11963 59 12
11964 46 31
11965 54 16
11966 52 2
11967 61 43
11968 50 19
11969 63 22
11970 56 30
11971 60 36
11972 56 44
11973 49 14
11974 49 14
11975 57 44
11976 60 2
11977 54 9
11978 64 28
11979 52 19
11980 70 16
11981 62 22
11982 47 19
11983 68 0
11984 44 33
11985 55 25
11986 60 26
11987 41 26
11988 51 32
11989 52 16
11990 47 25
11991 43 24
11992 54 4
11993 49 46
11994 70 12
11995 40 47
11996 67 28
11997 57 40
11998 58 14
11999 49 24
12000 44 17
