17001 47 4
17002 60 25
17003 54 13
17004 54 24
17005 62 31
17006 69 0
17007 57 28
17008 40 18
17009 68 13
17010 55 9
17011 64 11
17012 69 13
17013 68 18
17014 60 2
17015 45 20
17016 44 7
17017 47 42
17018 70 10
17019 66 7
17020 45 18
17021 63 34
17022 46 3
17023 64 8
17024 40 5
17025 41 40
17026 62 23
17027 69 6
17028 70 49
17029 70 1
17030 62 32
17031 50 4
17032 62 11
17033 60 29
17034 52 20
17035 40 33
17036 44 26
17037 48 22
17038 67 14
17039 67 20
17040 45 19
17041 53 24
17042 59 48
17043 41 48
17044 53 30
17045 51 43
17046 69 17
17047 50 27
17048 61 35
17049 40 14
17050 59 24
17051 68 43
17052 67 20
17053 68 25
17054 54 20
17055 48 13
17056 46 10
17057 65 19
17058 54 12
17059 46 25
17060 50 6
17061 68 21
17062 47 12
17063 55 41
17064 64 8
17065 47 2
17066 60 19
17067 51 7
17068 53 35
17069 42 43
17070 65 43
17071 44 32
17072 41 45
17073 64 49
17074 63 35
17075 57 17
17076 67 36
17077 62 24
17078 66 35
17079 70 9
17080 48 22
17081 44 24
17082 63 6
17083 61 8
17084 47 31
17085 41 50
17086 67 48
17087 53 6
17088 70 33
17089 68 25
17090 56 19
17091 68 21
17092 45 36
17093 65 17
17094 43 17
17095 65 26
17096 41 3
17097 40 18
17098 46 0
17099 56 35
17100 51 27
17101 41 29
17102 64 12
17103 57 30
17104 45 19
17105 51 1
17106 69 24
17107 55 3
17108 66 10
17109 69 16
17110 56 35
17111 59 12
17112 62 0
17113 45 10
17114 65 5
17115 42 22
17116 62 11
17117 60 9
17118 47 3
17119 67 40
17120 54 42
17121 51 26
17122 49 37
17123 55 12
17124 62 38
17125 45 50
17126 70 37
17127 68 21
17128 57 36
17129 70 36
17130 58 9
17131 53 24
17132 54 27
17133 49 12
17134 52 9
17135 53 43
17136 54 11
17137 41 40
17138 51 2
17139 53 1
17140 58 26
17141 49 41
17142 41 46
17143 66 40
17144 40 21
17145 52 1
17146 62 12
17147 63 21
17148 42 10
17149 51 39
17150 53 39
17151 43 23
17152 63 34
17153 57 6
17154 54 2
17155 50 17
17156 55 45
17157 50 29
17158 60 39
17159 49 36
17160 66 36
17161 69 16
17162 45 16
17163 42 5
17164 40 38
17165 50 23
17166 59 25
17167 64 13
17168 51 10
17169 40 9
17170 57 7
17171 70 8
17172 41 6
17173 42 22
17174 40 30
17175 70 49
17176 52 41
17177 58 34
17178 69 19
17179 65 41
17180 66 31
17181 42 36
17182 45 19
17183 69 2
17184 53 25
17185 47 11
17186 63 29
17187 55 25
17188 57 32
17189 41 21
17190 68 9
17191 61 22
17192 46 28
17193 62 47
17194 41 5
17195 69 13
17196 45 6
17197 60 10
17198 57 44
17199 59 17
17200 59 16
17201 70 45
17202 67 20
17203 58 10
17204 53 32
17205 54 45
17206 44 50
17207 57 1
17208 40 9
17209 58 20
17210 63 17
17211 50 16
17212 62 49
17213 42 36
17214 57 47
17215 65 30
17216 42 21
17217 65 36
17218 47 12
17219 69 11
17220 62 24
17221 68 17
17222 54 39
17223 49 37
17224 57 48
17225 62 44
17226 69 37
17227 61 33
17228 58 49
17229 47 4
17230 58 21
17231 70 28
17232 48 18
17233 56 13
17234 67 5
17235 64 35
17236 59 46
17237 49 19
17238 52 3
17239 50 31
17240 40 11
17241 54 4
17242 49 47
17243 40 5
17244 63 12
17245 60 41
17246 41 19
17247 49 46
17248 58 11
17249 48 4
17250 66 25
17251 58 29
17252 50 40
17253 61 37
17254 55 9
17255 65 20
17256 70 46
17257 45 44
17258 40 36
17259 54 43
17260 41 24
17261 48 30
17262 49 34
17263 61 2
17264 49 20
17265 59 43
17266 58 4
17267 70 39
17268 51 26
17269 47 33
17270 49 50
17271 62 22
17272 61 44
17273 44 18
17274 64 45
17275 56 37
17276 42 42
17277 61 28
17278 66 41
17279 59 13
17280 56 33
17281 43 19
17282 60 31
17283 53 9
17284 47 48
17285 42 46
17286 42 4
17287 59 42
17288 45 19
17289 69 48
17290 68 15
17291 45 45
17292 52 5
17293 43 24
17294 65 19
17295 65 12
17296 58 1
17297 48 2
17298 43 38
17299 51 7
17300 50 12
17301 46 1
17302 40 34
17303 52 24
17304 57 2
17305 65 47
17306 43 33
17307 57 6
17308 46 33
17309 41 22
17310 50 6
17311 41 50
17312 45 44
17313 45 47
17314 54 18
17315 47 26
17316 54 18
17317 59 44
17318 55 28
17319 48 5
17320 60 50
17321 67 28
17322 67 37
17323 64 24
17324 49 26
17325 54 41
17326 43 44
17327 70 6
17328 65 5
17329 49 25
17330 66 8
17331 54 50
17332 54 12
17333 41 40
17334 69 3
17335 47 44
17336 42 39
17337 64 11
17338 55 47
17339 60 27
17340 59 22
17341 69 39
17342 46 49
17343 68 19
17344 53 21
17345 58 6
17346 69 44
17347 57 9
17348 52 39
17349 69 1
17350 69 18
17351 51 15
17352 56 40
17353 67 41
17354 51 44
17355 54 0
17356 44 11
17357 52 39
17358 68 18
17359 57 29
17360 53 35
17361 47 31
17362 40 44
17363 70 13
17364 65 2
17365 69 0
17366 43 6
17367 41 7
17368 56 39
17369 70 48
17370 60 50
17371 47 0
17372 59 14
17373 42 40
17374 56 48
17375 55 13
17376 54 11
17377 56 8
17378 63 0
17379 68 11
17380 48 0
17381 56 23
17382 45 45
17383 57 45
17384 55 28
17385 43 34
17386 50 8
17387 54 32
17388 40 29
17389 47 46
17390 69 38
17391 52 33
17392 64 4
17393 61 7
17394 52 18
17395 58 27
17396 61 15
17397 68 16
17398 61 47
17399 55 0
17400 59 32
17401 45 44
17402 62 48
17403 57 34
17404 44 5
17405 57 29
17406 40 7
17407 55 28
17408 40 37
17409 48 10
17410 55 20
17411 64 6
17412 61 15
17413 40 10
17414 51 10
17415 56 18
17416 46 43
17417 51 38
17418 43 8
17419 46 27
17420 46 46
17421 46 40
17422 53 13
17423 41 40
17424 50 11
17425 41 6
17426 66 29
17427 53 42
17428 46 12
17429 54 3
17430 59 34
17431 45 17
17432 70 33
17433 55 28
17434 53 20
17435 50 11
17436 40 3
17437 49 38
17438 46 37
17439 54 31
17440 51 32
17441 62 23
17442 52 15
17443 67 31
17444 61 23
17445 59 28
17446 60 24
17447 45 25
17448 43 15
17449 59 33
17450 57 10
17451 60 25
17452 50 28
17453 43 15
17454 67 37
17455 45 3
17456 67 4
17457 57 13
17458 57 29
17459 46 43
17460 70 36
17461 57 47
17462 59 40
17463 66 21
17464 63 35
17465 44 40
17466 62 31
17467 60 46
17468 56 7
17469 70 41
17470 40 5
17471 50 30
17472 45 25
17473 47 5
17474 42 12
17475 59 22
17476 51 18
17477 42 15
17478 48 50
17479 62 27
17480 69 27
17481 46 21
17482 46 27
17483 47 31
17484 57 28
17485 62 23
17486 40 31
17487 48 8
17488 62 17
17489 50 25
17490 65 32
17491 55 23
17492 69 30
17493 54 50
17494 56 26
17495 49 45
17496 67 32
17497 44 13
17498 60 6
17499 41 1
17500 50 17
17501 58 17
17502 41 11
17503 63 32
17504 58 20
17505 59 3
17506 67 41
17507 63 0
17508 49 11
17509 70 46
17510 41 0
17511 51 34
17512 44 9
17513 60 18
17514 41 42
17515 47 14
17516 54 43
17517 65 42
17518 54 33
17519 52 24
17520 68 39
17521 56 9
17522 65 17
17523 63 30
17524 58 1
17525 66 49
17526 42 38
17527 42 38
17528 52 23
17529 64 18
17530 53 2
17531 54 10
17532 43 16
17533 60 1
17534 60 34
17535 43 36
17536 69 15
17537 46 8
17538 45 45
17539 59 12
17540 40 24
17541 60 22
17542 49 41
17543 41 30
17544 43 12
17545 52 22
17546 54 44
17547 63 7
17548 47 46
17549 59 39
17550 47 24
17551 49 27
17552 45 18
17553 56 48
17554 42 21
17555 70 45
17556 69 11
17557 64 37
17558 47 32
17559 48 45
17560 57 16
17561 67 34
17562 67 18
17563 40 29
17564 40 12
17565 47 43
17566 67 15
17567 62 8
17568 58 28
17569 65 25
17570 62 38
17571 65 26
17572 59 37
17573 47 21
17574 64 28
17575 42 39
17576 64 24
17577 54 14
17578 62 47
17579 48 50
17580 61 42
17581 63 50
17582 58 2
17583 43 49
17584 64 10
17585 64 31
17586 68 1
17587 69 28
17588 48 39
17589 59 14
17590 49 23
17591 58 35
17592 69 30
17593 52 24
17594 62 38
17595 65 13
17596 47 8
17597 42 10
17598 59 36
17599 51 23
17600 46 31
17601 67 33
17602 63 49
17603 59 2
17604 67 11
17605 46 8
17606 44 10
17607 54 4
17608 70 9
17609 66 47
17610 41 17
17611 61 24
17612 49 31
17613 48 9
17614 70 40
17615 50 4
17616 68 22
17617 42 41
17618 68 38
17619 53 15
17620 68 0
17621 50 46
17622 68 16
17623 54 50
17624 64 29
17625 40 5
17626 54 24
17627 43 47
17628 63 12
17629 47 37
17630 43 44
17631 69 48
17632 48 14
17633 64 13
17634 53 20
17635 57 3
17636 70 48
17637 64 29
17638 40 5
17639 46 39
17640 65 12
17641 56 46
17642 40 21
17643 66 19
17644 68 4
17645 45 26
17646 56 7
17647 49 30
17648 63 32
17649 40 7
17650 46 12
17651 48 12
17652 42 1
17653 45 50
17654 49 14
17655 50 2
17656 43 24
17657 49 46
17658 43 23
17659 63 22
17660 43 3
17661 58 30
17662 59 36
17663 48 41
17664 50 18
17665 63 0
17666 69 50
17667 63 25
17668 70 6
17669 44 32
17670 48 45
17671 52 11
17672 46 24
17673 40 24
17674 67 29
17675 40 19
17676 63 7
17677 70 46
17678 55 21
17679 52 33
17680 70 1
17681 56 48
17682 41 6
17683 43 3
17684 64 12
17685 57 40
17686 43 5
17687 47 5
17688 62 33
17689 64 11
17690 41 35
17691 55 26
17692 70 8
17693 48 48
17694 68 31
17695 66 14
17696 47 10
17697 51 9
17698 68 49
17699 53 7
17700 57 22
17701 42 9
17702 54 49
17703 64 11
17704 56 31
17705 65 16
17706 46 6
17707 46 39
17708 62 5
17709 57 28
17710 66 49
17711 70 28
17712 47 36
17713 41 9
17714 47 35
17715 45 6
17716 41 41
17717 46 21
17718 68 44
17719 69 24
17720 42 30
17721 63 20
17722 57 9
17723 67 4
17724 44 8
17725 64 45
17726 49 25
17727 64 15
17728 61 21
17729 65 6
17730 48 18
17731 44 23
17732 54 36
17733 44 35
17734 61 45
17735 58 28
17736 61 35
17737 45 25
17738 44 4
17739 63 10
17740 61 2
17741 45 45
17742 49 44
17743 54 7
17744 65 17
17745 54 5
17746 40 11
17747 70 16
17748 67 31
17749 40 28
17750 41 28
17751 70 3
17752 57 24
17753 63 48
17754 49 6
17755 68 41
17756 49 35
17757 62 26
17758 69 20
17759 59 46
17760 68 7
17761 67 9
17762 67 12
17763 55 11
17764 68 27
17765 45 23
17766 67 8
17767 65 19
17768 70 15
17769 44 30
17770 65 25
17771 59 21
17772 54 46
17773 44 25
17774 60 0
17775 46 19
17776 52 3
17777 66 5
17778 43 34
17779 56 0
17780 70 5
17781 43 20
17782 67 45
17783 47 46
17784 44 32
17785 68 30
17786 40 26
17787 42 17
17788 52 13
17789 61 49
17790 41 16
17791 67 43
17792 69 1
17793 65 20
17794 70 44
17795 54 10
17796 46 12
17797 41 4
17798 47 48
17799 45 44
17800 40 28
17801 61 43
17802 60 45
17803 62 28
17804 47 27
17805 56 36
17806 58 17
17807 40 30
17808 56 40
17809 53 29
17810 56 25
17811 44 25
17812 68 22
17813 68 12
17814 64 46
17815 61 9
17816 70 21
17817 53 2
17818 46 22
17819 61 37
17820 64 21
17821 66 18
17822 63 12
17823 58 21
17824 55 45
17825 48 21
17826 50 42
17827 58 27
17828 54 16
17829 68 18
17830 67 19
17831 60 36
17832 52 24
17833 57 24
17834 48 6
17835 51 44
17836 67 24
17837 43 38
17838 61 6
17839 41 5
17840 57 3
17841 70 38
17842 57 28
17843 49 35
17844 66 8
17845 51 34
17846 65 29
17847 44 20
17848 55 31
17849 60 21
17850 65 36
17851 68 16
17852 41 0
17853 57 47
17854 54 22
17855 48 46
17856 53 9
17857 43 27
17858 62 49
17859 53 29
17860 49 3
17861 48 24
17862 66 1
17863 69 50
17864 53 41
17865 69 41
17866 65 19
17867 40 14
17868 69 7
17869 51 2
17870 59 37
17871 62 11
17872 56 7
17873 67 40
17874 43 30
17875 65 0
17876 63 27
17877 40 50
17878 50 14
17879 62 0
17880 70 37
17881 52 15
17882 51 28
17883 58 18
17884 52 10
17885 67 50
17886 65 4
17887 45 0
17888 62 15
17889 68 16
17890 45 20
17891 61 39
17892 51 50
17893 60 43
17894 62 49
17895 40 25
17896 56 24
17897 64 21
17898 66 23
17899 69 20
17900 44 33
17901 45 28
17902 62 35
17903 60 11
17904 47 14
17905 47 8
17906 62 42
17907 40 44
17908 70 34
17909 57 46
17910 68 12
17911 45 44
17912 63 23
17913 58 17
17914 58 34
17915 48 46
17916 52 42
17917 58 9
17918 47 14
17919 60 35
17920 56 24
17921 70 26
17922 68 45
17923 61 4
17924 65 5
17925 65 12
17926 61 40
17927 57 0
17928 51 18
17929 45 11
17930 61 26
17931 48 32
17932 43 47
17933 45 45
17934 42 11
17935 41 2
17936 58 22
17937 48 38
17938 70 27
17939 50 14
17940 59 34
17941 58 46
17942 47 15
17943 56 12
17944 62 44
17945 69 46
17946 41 14
17947 50 49
17948 70 35
17949 40 24
17950 42 6
17951 68 35
17952 62 7
17953 68 21
17954 57 48
17955 70 42
17956 60 10
17957 51 36
17958 59 0
17959 40 11
17960 63 15
17961 63 27
17962 64 31
17963 46 19
17964 40 15
17965 59 42
17966 64 42
17967 55 21
17968 60 21
17969 46 35
17970 45 22
17971 65 22
17972 42 49
17973 40 32
17974 66 14
17975 50 29
17976 49 41
17977 57 9
17978 61 48
17979 56 35
17980 48 44
17981 51 45
17982 68 25
17983 60 23
17984 64 26
17985 54 24
17986 59 15
17987 50 7
17988 46 25
17989 52 5
17990 42 19
17991 63 49
17992 67 26
17993 41 35
17994 50 4
17995 69 33
17996 54 3
17997 51 25
17998 69 43
17999 58 39
18000 50 20
