18001 41 39
18002 64 36
18003 49 3
18004 61 0
18005 67 47
18006 64 41
18007 64 20
18008 45 22
18009 62 49
18010 55 48
18011 50 0
18012 40 24
18013 63 25
18014 70 21
18015 59 1
18016 54 47
18017 66 40
18018 60 35
18019 70 35
18020 69 21
18021 66 38
18022 49 38
18023 65 20
18024 68 20
18025 65 44
18026 60 27
18027 63 27
18028 41 6
18029 69 33
18030 46 3
18031 58 41
18032 57 21
18033 44 37
18034 68 47
18035 42 36
18036 56 41
18037 58 49
18038 45 41
18039 50 35
18040 69 8
18041 53 23
18042 47 8
18043 60 30
18044 61 19
18045 61 38
18046 46 2
18047 62 39
18048 43 22
18049 62 13
18050 45 3
18051 58 30
18052 52 40
18053 65 5
18054 60 33
18055 69 14
18056 65 34
18057 40 45
18058 44 14
18059 56 32
18060 66 19
18061 56 10
18062 55 23
18063 51 3
18064 70 5
18065 53 14
18066 40 29
18067 70 11
18068 50 43
18069 54 35
18070 70 13
18071 69 6
18072 63 27
18073 55 36
18074 58 39
18075 45 17
18076 62 46
18077 47 25
18078 70 12
18079 40 3
18080 45 5
18081 64 13
18082 54 8
18083 44 24
18084 51 20
18085 46 27
18086 59 24
18087 50 47
18088 45 38
18089 62 24
18090 44 3
18091 52 6
18092 60 25
18093 43 31
18094 45 3
18095 42 38
18096 53 49
18097 60 37
18098 43 32
18099 61 40
18100 52 28
18101 63 2
18102 63 6
18103 57 44
18104 55 35
18105 43 31
18106 61 18
18107 49 25
18108 51 6
18109 65 45
18110 61 30
18111 65 33
18112 53 17
18113 56 40
18114 48 24
18115 70 29
18116 52 31
18117 58 46
18118 70 38
18119 67 3
18120 51 38
18121 45 50
18122 58 19
18123 41 3
18124 64 5
18125 63 41
18126 63 4
18127 48 23
18128 40 43
18129 47 45
18130 50 21
18131 56 41
18132 49 17
18133 64 29
18134 50 42
18135 44 50
18136 41 31
18137 49 37
18138 56 4
18139 51 25
18140 59 16
18141 47 26
18142 59 17
18143 69 43
18144 42 29
18145 46 36
18146 46 11
18147 65 16
18148 69 4
18149 51 4
18150 40 23
18151 49 17
18152 51 2
18153 69 18
18154 68 30
18155 41 29
18156 58 36
18157 49 43
18158 58 14
18159 46 32
18160 67 45
18161 56 28
18162 51 28
18163 49 10
18164 68 50
18165 70 2
18166 64 15
18167 47 28
18168 64 46
18169 46 44
18170 54 8
18171 60 13
18172 53 48
18173 41 44
18174 43 5
18175 66 19
18176 51 42
18177 68 20
18178 49 19
18179 69 49
18180 67 12
18181 50 2
18182 50 27
18183 44 50
18184 48 37
18185 59 7
18186 46 17
18187 55 45
18188 41 43
18189 48 4
18190 57 23
18191 53 11
18192 45 28
18193 54 1
18194 70 26
18195 40 5
18196 51 36
18197 69 11
18198 48 10
18199 65 3
18200 57 24
18201 40 11
18202 69 1
18203 46 9
18204 56 30
18205 69 0
18206 47 28
18207 67 7
18208 61 22
18209 60 45
18210 40 22
18211 54 3
18212 41 24
18213 51 13
18214 57 25
18215 60 21
18216 51 22
18217 40 35
18218 56 12
18219 64 16
18220 45 27
18221 58 47
18222 70 41
18223 51 15
18224 50 20
18225 55 37
18226 49 25
18227 51 5
18228 67 50
18229 44 23
18230 55 39
18231 47 32
18232 40 43
18233 70 47
18234 57 48
18235 50 21
18236 41 1
18237 51 0
18238 69 38
18239 52 26
18240 47 41
18241 46 46
18242 69 2
18243 47 12
18244 42 5
18245 67 24
18246 56 24
18247 67 5
18248 67 9
18249 55 12
18250 42 23
18251 42 0
18252 44 0
18253 49 22
18254 45 47
18255 50 12
18256 56 14
18257 62 14
18258 40 6
18259 64 37
18260 42 27
18261 40 14
18262 61 25
18263 54 14
18264 69 40
18265 63 7
18266 45 15
18267 57 12
18268 50 18
18269 45 1
18270 41 27
18271 52 43
18272 62 48
18273 54 40
18274 70 26
18275 49 50
18276 49 31
18277 65 7
18278 45 16
18279 54 14
18280 53 2
18281 57 39
18282 62 19
18283 49 25
18284 44 26
18285 53 22
18286 56 36
18287 70 13
18288 43 37
18289 44 5
18290 58 50
18291 54 11
18292 61 1
18293 56 37
18294 44 42
18295 56 36
18296 58 25
18297 56 29
18298 45 48
18299 52 31
18300 58 28
18301 54 26
18302 46 44
18303 56 36
18304 43 13
18305 55 16
18306 44 3
18307 53 45
18308 44 11
18309 64 6
18310 56 19
18311 67 45
18312 54 17
18313 42 4
18314 58 47
18315 44 35
18316 46 11
18317 64 46
18318 56 46
18319 52 48
18320 60 47
18321 42 28
18322 55 35
18323 57 28
18324 47 7
18325 56 46
18326 69 49
18327 68 10
18328 53 14
18329 61 18
18330 69 12
18331 54 1
18332 56 26
18333 49 26
18334 46 44
18335 43 29
18336 70 31
18337 50 26
18338 48 28
18339 66 27
18340 51 1
18341 45 12
18342 58 30
18343 52 8
18344 64 20
18345 66 10
18346 45 38
18347 62 25
18348 55 0
18349 68 16
18350 55 43
18351 49 0
18352 58 16
18353 54 12
18354 43 16
18355 64 21
18356 42 14
18357 44 9
18358 54 2
18359 40 25
18360 61 3
18361 44 37
18362 54 7
18363 61 47
18364 41 4
18365 58 16
18366 53 50
18367 46 4
18368 49 10
18369 62 31
18370 41 45
18371 44 6
18372 63 20
18373 63 21
18374 65 2
18375 70 33
18376 70 25
18377 63 16
18378 47 38
18379 49 29
18380 55 32
18381 65 10
18382 56 25
18383 56 36
18384 66 13
18385 45 50
18386 61 29
18387 40 48
18388 55 14
18389 62 5
18390 69 6
18391 66 35
18392 69 44
18393 55 43
18394 48 36
18395 41 33
18396 45 5
18397 41 31
18398 63 16
18399 45 36
18400 62 22
18401 70 49
18402 45 18
18403 69 43
18404 68 28
18405 66 0
18406 59 17
18407 41 26
18408 62 7
18409 69 44
18410 43 8
18411 45 5
18412 58 6
18413 62 27
18414 54 22
18415 45 39
18416 53 30
18417 62 40
18418 49 9
18419 62 12
18420 56 16
18421 63 24
18422 40 15
18423 49 31
18424 46 6
18425 67 20
18426 64 23
18427 64 29
18428 63 26
18429 70 36
18430 68 1
18431 56 6
18432 46 6
18433 42 1
18434 53 29
18435 57 4
18436 60 2
18437 54 1
18438 53 2
18439 53 11
18440 56 35
18441 45 22
18442 42 32
18443 44 13
18444 50 3
18445 49 23
18446 66 42
18447 57 35
18448 68 50
18449 66 36
18450 48 24
18451 64 49
18452 49 41
18453 58 37
18454 64 27
18455 54 39
18456 47 12
18457 65 17
18458 50 18
18459 58 42
18460 40 4
18461 65 15
18462 52 37
18463 58 27
18464 64 1
18465 45 12
18466 43 42
18467 59 16
18468 60 23
18469 47 39
18470 45 47
18471 63 35
18472 53 21
18473 63 10
18474 64 21
18475 68 31
18476 46 29
18477 58 18
18478 56 35
18479 70 4
18480 68 11
18481 54 10
18482 62 40
18483 58 7
18484 58 20
18485 58 46
18486 49 12
18487 46 19
18488 67 43
18489 59 1
18490 50 27
18491 55 30
18492 70 17
18493 41 32
18494 56 31
18495 44 38
18496 55 15
18497 56 31
18498 54 50
18499 65 44
18500 51 15
18501 68 29
18502 51 38
18503 67 37
18504 50 6
18505 61 36
18506 61 13
18507 43 28
18508 42 49
18509 54 38
18510 49 26
18511 65 12
18512 65 39
18513 60 44
18514 69 31
18515 68 11
18516 67 28
18517 53 47
18518 56 7
18519 46 9
18520 48 34
18521 47 37
18522 67 14
18523 42 10
18524 51 47
18525 43 49
18526 64 46
18527 49 20
18528 45 48
18529 54 33
18530 53 40
18531 44 13
18532 54 19
18533 68 33
18534 59 47
18535 40 23
18536 47 25
18537 41 33
18538 47 14
18539 58 38
18540 67 22
18541 58 33
18542 44 32
18543 41 20
18544 43 34
18545 54 30
18546 42 39
18547 56 30
18548 59 10
18549 59 2
18550 61 38
18551 59 33
18552 54 26
18553 41 38
18554 67 38
18555 43 6
18556 42 49
18557 40 48
18558 65 46
18559 59 22
18560 61 36
18561 59 2
18562 48 15
18563 41 8
18564 66 14
18565 55 27
18566 42 43
18567 68 19
18568 54 40
18569 64 48
18570 53 34
18571 57 3
18572 65 33
18573 47 16
18574 64 31
18575 50 32
18576 66 43
18577 43 25
18578 66 26
18579 59 0
18580 60 37
18581 66 46
18582 45 28
18583 47 36
18584 67 40
18585 47 20
18586 62 48
18587 49 11
18588 46 9
18589 58 27
18590 47 19
18591 55 44
18592 62 45
18593 51 11
18594 43 10
18595 63 27
18596 68 2
18597 65 46
18598 53 35
18599 60 10
18600 70 13
18601 55 28
18602 44 28
18603 63 43
18604 47 49
18605 52 37
18606 63 19
18607 66 7
18608 59 10
18609 70 29
18610 51 18
18611 66 4
18612 68 10
18613 64 42
18614 68 37
18615 59 15
18616 49 50
18617 47 41
18618 67 3
18619 55 0
18620 52 36
18621 67 34
18622 67 49
18623 61 26
18624 45 19
18625 67 26
18626 61 18
18627 60 23
18628 47 14
18629 50 8
18630 43 28
18631 63 6
18632 61 39
18633 64 13
18634 62 36
18635 46 18
18636 54 30
18637 66 4
18638 46 37
18639 66 27
18640 62 50
18641 65 47
18642 50 15
18643 68 24
18644 57 10
18645 55 36
18646 48 5
18647 60 23
18648 44 6
18649 63 43
18650 48 5
18651 58 33
18652 64 4
18653 66 40
18654 58 23
18655 47 43
18656 50 31
18657 47 47
18658 61 23
18659 61 45
18660 59 46
18661 62 10
18662 65 21
18663 51 41
18664 41 13
18665 67 40
18666 48 30
18667 58 3
18668 64 49
18669 54 2
18670 64 42
18671 48 36
18672 55 24
18673 57 29
18674 52 11
18675 52 34
18676 41 32
18677 58 28
18678 59 2
18679 53 20
18680 42 45
18681 55 19
18682 42 39
18683 44 49
18684 43 46
18685 47 43
18686 62 4
18687 46 22
18688 57 47
18689 58 40
18690 51 4
18691 58 25
18692 49 30
18693 58 29
18694 43 20
18695 67 44
18696 45 39
18697 49 25
18698 58 18
18699 65 9
18700 52 34
18701 67 22
18702 60 20
18703 57 45
18704 63 19
18705 70 31
18706 58 45
18707 64 2
18708 68 7
18709 52 7
18710 55 23
18711 49 15
18712 59 37
18713 65 44
18714 47 0
18715 64 38
18716 49 3
18717 50 50
18718 56 23
18719 66 42
18720 63 24
18721 43 47
18722 59 40
18723 66 38
18724 53 13
18725 62 33
18726 59 33
18727 58 8
18728 54 44
18729 50 9
18730 41 35
18731 56 0
18732 41 47
18733 41 12
18734 61 13
18735 57 13
18736 49 48
18737 59 46
18738 63 4
18739 62 35
18740 40 28
18741 70 14
18742 56 22
18743 60 29
18744 54 14
18745 50 19
18746 69 44
18747 55 44
18748 66 8
18749 54 10
18750 42 36
18751 66 2
18752 42 16
18753 49 35
18754 68 27
18755 47 47
18756 44 37
18757 59 43
18758 46 27
18759 47 8
18760 63 8
18761 53 19
18762 49 19
18763 68 20
18764 49 26
18765 51 21
18766 49 2
18767 66 48
18768 58 34
18769 66 16
18770 58 30
18771 68 12
18772 43 36
18773 47 10
18774 41 23
18775 51 13
18776 51 15
18777 59 3
18778 65 12
18779 54 45
18780 49 0
18781 54 50
18782 56 1
18783 56 28
18784 51 37
18785 44 2
18786 53 27
18787 62 46
18788 41 50
18789 61 1
18790 45 10
18791 69 45
18792 44 24
18793 58 3
18794 52 20
18795 53 30
18796 47 27
18797 52 12
18798 41 37
18799 50 5
18800 43 6
18801 51 43
18802 46 29
18803 41 4
18804 52 46
18805 63 35
18806 63 6
18807 53 47
18808 56 33
18809 63 40
18810 54 29
18811 50 36
18812 58 0
18813 64 34
18814 54 14
18815 44 16
18816 40 15
18817 60 24
18818 54 32
18819 68 16
18820 52 33
18821 59 28
18822 56 34
18823 46 7
18824 41 29
18825 51 0
18826 50 34
18827 44 8
18828 43 4
18829 68 28
18830 46 15
18831 70 49
18832 60 8
18833 48 15
18834 40 12
18835 58 4
18836 48 21
18837 65 26
18838 50 12
18839 69 23
18840 56 45
18841 55 25
18842 54 41
18843 56 38
18844 47 9
18845 60 15
18846 50 36
18847 62 50
18848 70 42
18849 47 38
18850 62 19
18851 60 49
18852 43 50
18853 55 18
18854 70 35
18855 53 3
18856 54 37
18857 53 47
18858 45 18
18859 56 11
18860 41 37
18861 43 11
18862 57 44
18863 46 41
18864 70 48
18865 51 14
18866 59 0
18867 62 25
18868 64 25
18869 47 24
18870 60 17
18871 49 9
18872 46 39
18873 45 12
18874 56 38
18875 54 32
18876 43 3
18877 45 40
18878 63 5
18879 43 45
18880 43 38
18881 49 42
18882 65 12
18883 56 42
18884 49 18
18885 49 11
18886 40 26
18887 49 46
18888 62 8
18889 56 41
18890 45 28
18891 60 9
18892 66 28
18893 45 32
18894 59 15
18895 42 40
18896 63 36
18897 53 43
18898 45 35
18899 47 10
18900 57 30
18901 50 47
18902 66 30
18903 63 39
18904 69 23
18905 50 39
18906 47 34
18907 66 34
18908 57 31
18909 50 17
18910 45 18
18911 42 48
18912 47 17
18913 62 47
18914 61 10
18915 62 31
18916 60 35
18917 58 18
18918 56 11
18919 55 15
18920 44 27
18921 61 20
18922 45 48
18923 56 29
18924 70 29
18925 66 16
18926 52 50
18927 70 8
18928 50 10
18929 47 0
18930 46 42
18931 52 34
18932 58 35
18933 40 11
18934 51 40
18935 46 28
18936 45 30
18937 69 46
18938 45 26
18939 70 40
18940 70 1
18941 58 15
18942 63 31
18943 63 23
18944 60 13
18945 68 33
18946 48 7
18947 55 33
18948 69 14
18949 63 35
18950 40 12
18951 61 42
18952 63 33
18953 59 15
18954 55 17
18955 44 2
18956 62 44
18957 60 1
18958 53 9
18959 52 4
18960 63 6
18961 59 18
18962 69 36
18963 48 39
18964 58 22
18965 54 24
18966 68 27
18967 53 39
18968 45 28
18969 55 46
18970 64 22
18971 52 13
18972 62 36
18973 59 12
18974 69 16
18975 69 13
18976 63 20
18977 57 22
18978 57 45
18979 65 41
18980 43 6
18981 52 16
18982 58 14
18983 57 35
18984 49 4
18985 48 49
18986 67 32
18987 55 39
18988 59 20
18989 51 4
18990 49 33
18991 57 45
18992 47 48
18993 56 20
18994 56 34
18995 65 47
18996 59 8
18997 48 20
18998 60 47
18999 70 15
19000 45 30
