19001 49 23
19002 67 4
19003 55 25
19004 59 42
19005 58 50
19006 55 9
19007 44 48
19008 48 25
19009 40 41
19010 42 35
19011 48 26
19012 47 6
19013 45 50
19014 51 38
19015 45 29
19016 47 41
19017 60 20
19018 52 6
19019 47 30
19020 69 40
19021 43 9
19022 48 3
19023 63 47
19024 61 10
19025 64 49
19026 70 1
19027 41 27
19028 65 10
19029 48 39
19030 41 6
19031 54 48
19032 67 12
19033 64 15
19034 69 3
19035 54 50
19036 68 47
19037 62 43
19038 59 25
19039 44 18
19040 49 42
19041 59 18
19042 64 3
19043 56 49
19044 59 49
19045 49 13
19046 41 36
19047 63 35
19048 42 34
19049 46 0
19050 55 12
19051 67 24
19052 48 19
19053 45 38
19054 55 24
19055 48 41
19056 65 1
19057 70 27
19058 68 15
19059 41 13
19060 41 26
19061 65 44
19062 63 18
19063 56 26
19064 43 25
19065 65 36
19066 56 38
19067 69 40
19068 66 49
19069 54 48
19070 68 35
19071 56 26
19072 61 30
19073 41 5
19074 56 14
19075 57 37
19076 62 9
19077 46 17
19078 52 50
19079 65 4
19080 54 50
19081 60 21
19082 61 5
19083 66 9
19084 70 34
19085 62 43
19086 57 7
19087 52 24
19088 55 44
19089 49 35
19090 48 25
19091 53 21
19092 46 40
19093 48 39
19094 68 33
19095 68 16
19096 48 7
19097 58 40
19098 40 6
19099 61 17
19100 40 50
19101 40 16
19102 55 8
19103 52 21
19104 41 37
19105 68 20
19106 49 14
19107 63 17
19108 50 40
19109 42 13
19110 69 17
19111 52 43
19112 52 4
19113 56 9
19114 55 48
19115 53 14
19116 66 21
19117 55 19
19118 48 18
19119 63 41
19120 63 50
19121 45 24
19122 69 49
19123 44 49
19124 49 48
19125 40 32
19126 40 41
19127 50 11
19128 62 29
19129 66 1
19130 43 12
19131 69 13
19132 68 22
19133 68 11
19134 64 36
19135 57 44
19136 44 41
19137 63 15
19138 48 18
19139 62 2
19140 56 32
19141 59 35
19142 51 26
19143 45 48
19144 46 32
19145 66 4
19146 46 43
19147 63 18
19148 51 45
19149 67 22
19150 68 23
19151 50 39
19152 50 10
19153 62 0
19154 50 4
19155 40 27
19156 41 16
19157 56 6
19158 59 41
19159 43 7
19160 50 32
19161 56 17
19162 57 35
19163 62 3
19164 40 9
19165 54 46
19166 53 2
19167 57 20
19168 64 41
19169 40 13
19170 61 14
19171 52 9
19172 58 28
19173 59 35
19174 50 14
19175 44 26
19176 52 30
19177 54 41
19178 43 40
19179 42 7
19180 66 9
19181 43 34
19182 55 7
19183 65 29
19184 56 13
19185 63 18
19186 44 5
19187 64 40
19188 63 16
19189 40 37
19190 62 4
19191 62 8
19192 45 16
19193 52 40
19194 67 8
19195 41 16
19196 54 46
19197 66 43
19198 55 35
19199 43 41
19200 44 9
19201 42 38
19202 49 17
19203 40 19
19204 59 0
19205 65 19
19206 55 29
19207 58 0
19208 49 41
19209 43 50
19210 62 47
19211 43 7
19212 54 48
19213 40 2
19214 62 49
19215 42 17
19216 46 29
19217 53 11
19218 54 1
19219 45 10
19220 47 34
19221 66 46
19222 54 12
19223 68 19
19224 49 1
19225 45 43
19226 68 48
19227 66 4
19228 52 44
19229 57 35
19230 55 5
19231 64 27
19232 42 9
19233 59 5
19234 62 12
19235 54 45
19236 67 10
19237 69 48
19238 70 4
19239 56 7
19240 50 45
19241 63 14
19242 55 28
19243 52 50
19244 63 35
19245 61 34
19246 64 15
19247 63 31
19248 63 42
19249 67 4
19250 64 40
19251 58 25
19252 54 42
19253 62 2
19254 54 34
19255 58 38
19256 42 39
19257 47 48
19258 53 4
19259 58 45
19260 46 30
19261 61 23
19262 53 28
19263 40 14
19264 60 25
19265 60 24
19266 48 18
19267 67 21
19268 68 44
19269 64 17
19270 46 35
19271 41 8
19272 67 5
19273 40 14
19274 47 13
19275 41 46
19276 48 44
19277 45 42
19278 40 8
19279 65 48
19280 64 40
19281 48 39
19282 68 47
19283 66 33
19284 60 24
19285 56 3
19286 47 19
19287 53 10
19288 68 6
19289 63 4
19290 68 27
19291 69 42
19292 41 7
19293 47 18
19294 51 3
19295 68 40
19296 46 0
19297 59 34
19298 65 41
19299 41 7
19300 65 16
19301 62 4
19302 70 17
19303 40 27
19304 59 3
19305 64 36
19306 59 49
19307 45 1
19308 42 21
19309 69 44
19310 51 46
19311 47 8
19312 62 15
19313 61 27
19314 49 6
19315 49 26
19316 44 3
19317 45 30
19318 70 1
19319 49 34
19320 50 29
19321 60 37
19322 51 2
19323 42 8
19324 40 46
19325 54 25
19326 52 22
19327 51 4
19328 55 6
19329 44 34
19330 60 47
19331 67 33
19332 48 42
19333 41 22
19334 47 11
19335 54 22
19336 68 0
19337 66 2
19338 52 42
19339 42 20
19340 52 50
19341 65 31
19342 50 14
19343 59 13
19344 55 49
19345 43 49
19346 48 4
19347 53 44
19348 53 1
19349 64 32
19350 60 44
19351 60 27
19352 62 34
19353 41 36
19354 47 16
19355 57 29
19356 48 36
19357 69 28
19358 49 10
19359 42 30
19360 67 24
19361 62 20
19362 61 45
19363 50 46
19364 65 49
19365 65 44
19366 55 1
19367 51 14
19368 42 13
19369 43 33
19370 51 19
19371 42 2
19372 54 45
19373 53 23
19374 64 49
19375 62 12
19376 46 5
19377 65 20
19378 62 33
19379 48 30
19380 65 45
19381 46 40
19382 60 34
19383 42 21
19384 56 45
19385 49 17
19386 66 1
19387 52 49
19388 54 22
19389 44 31
19390 66 21
19391 64 37
19392 67 42
19393 46 32
19394 48 19
19395 59 37
19396 44 50
19397 67 19
19398 64 30
19399 52 48
19400 46 30
19401 43 25
19402 40 13
19403 42 50
19404 47 36
19405 55 28
19406 50 6
19407 48 5
19408 55 38
19409 63 16
19410 67 6
19411 44 33
19412 41 49
19413 52 21
19414 59 25
19415 70 37
19416 45 46
19417 47 14
19418 40 32
19419 68 47
19420 55 41
19421 67 27
19422 41 24
19423 46 14
19424 50 4
19425 54 36
19426 64 4
19427 68 38
19428 65 24
19429 44 22
19430 61 5
19431 61 41
19432 64 8
19433 41 46
19434 40 8
19435 46 39
19436 45 12
19437 53 12
19438 54 11
19439 65 38
19440 61 44
19441 62 31
19442 47 11
19443 66 16
19444 61 1
19445 50 19
19446 46 1
19447 42 33
19448 51 7
19449 43 46
19450 40 6
19451 53 16
19452 54 10
19453 45 23
19454 50 33
19455 43 44
19456 59 14
19457 55 9
19458 40 11
19459 69 6
19460 47 24
19461 52 47
19462 63 35
19463 66 5
19464 50 22
19465 51 15
19466 63 38
19467 42 48
19468 68 11
19469 50 10
19470 60 16
19471 42 11
19472 58 5
19473 61 9
19474 64 6
19475 62 11
19476 40 25
19477 41 6
19478 57 31
19479 62 4
19480 60 3
19481 60 15
19482 69 34
19483 58 32
19484 69 46
19485 57 9
19486 44 32
19487 67 37
19488 70 15
19489 61 7
19490 47 11
19491 54 43
19492 48 35
19493 50 35
19494 46 42
19495 43 22
19496 48 1
19497 68 1
19498 52 48
19499 63 19
19500 53 37
19501 41 18
19502 70 44
19503 55 13
19504 66 11
19505 40 13
19506 43 21
19507 51 46
19508 48 15
19509 42 6
19510 46 10
19511 40 28
19512 61 34
19513 68 40
19514 66 38
19515 62 14
19516 53 46
19517 59 45
19518 69 12
19519 67 47
19520 53 7
19521 50 37
19522 57 34
19523 51 36
19524 52 24
19525 42 41
19526 45 20
19527 54 7
19528 58 35
19529 52 29
19530 52 49
19531 44 11
19532 57 28
19533 57 25
19534 45 38
19535 44 24
19536 55 36
19537 56 7
19538 48 23
19539 49 4
19540 57 37
19541 64 17
19542 59 27
19543 57 31
19544 50 32
19545 63 34
19546 68 22
19547 60 23
19548 62 12
19549 69 29
19550 43 40
19551 51 10
19552 49 1
19553 57 48
19554 60 39
19555 46 6
19556 42 39
19557 44 23
19558 50 43
19559 63 47
19560 60 37
19561 47 14
19562 51 12
19563 70 20
19564 43 4
19565 68 17
19566 40 6
19567 48 26
19568 66 31
19569 59 22
19570 58 48
19571 52 33
19572 66 42
19573 52 16
19574 67 29
19575 61 42
19576 61 1
19577 49 19
19578 45 49
19579 40 38
19580 67 21
19581 46 16
19582 64 9
19583 67 40
19584 52 29
19585 58 1
19586 42 27
19587 42 12
19588 54 10
19589 51 9
19590 51 1
19591 41 18
19592 40 1
19593 70 0
19594 49 43
19595 50 18
19596 65 21
19597 45 32
19598 59 11
19599 49 9
19600 60 27
19601 60 38
19602 42 36
19603 63 25
19604 49 35
19605 61 33
19606 40 3
19607 66 31
19608 41 32
19609 60 41
19610 57 28
19611 49 27
19612 44 22
19613 46 42
19614 51 39
19615 68 16
19616 48 45
19617 61 50
19618 54 5
19619 67 38
19620 45 23
19621 65 9
19622 61 1
19623 62 2
19624 66 2
19625 69 3
19626 64 44
19627 70 45
19628 65 14
19629 64 4
19630 43 28
19631 43 47
19632 51 40
19633 55 0
19634 68 0
19635 40 3
19636 47 18
19637 45 3
19638 64 41
19639 50 29
19640 52 33
19641 61 39
19642 53 4
19643 54 37
19644 57 49
19645 60 14
19646 41 47
19647 52 17
19648 63 2
19649 63 14
19650 67 31
19651 70 42
19652 70 20
19653 44 19
19654 46 50
19655 59 27
19656 68 36
19657 41 23
19658 40 12
19659 56 23
19660 49 15
19661 54 7
19662 49 4
19663 59 33
19664 59 14
19665 44 22
19666 50 33
19667 50 49
19668 49 28
19669 65 29
19670 41 6
19671 63 45
19672 59 14
19673 53 15
19674 56 24
19675 64 45
19676 42 18
19677 57 23
19678 45 19
19679 65 38
19680 57 45
19681 47 24
19682 45 50
19683 61 44
19684 49 36
19685 50 5
19686 62 2
19687 50 37
19688 69 23
19689 45 23
19690 56 12
19691 54 21
19692 58 12
19693 63 7
19694 51 36
19695 44 18
19696 69 29
19697 44 21
19698 55 50
19699 54 26
19700 60 26
19701 50 46
19702 65 21
19703 57 18
19704 68 5
19705 64 38
19706 64 15
19707 54 10
19708 69 29
19709 70 43
19710 45 16
19711 56 35
19712 66 7
19713 65 21
19714 44 32
19715 40 30
19716 67 17
19717 43 8
19718 58 18
19719 40 21
19720 62 5
19721 65 37
19722 54 4
19723 45 0
19724 59 16
19725 64 44
19726 49 19
19727 47 45
19728 46 15
19729 69 19
19730 60 1
19731 61 3
19732 42 33
19733 68 35
19734 67 18
19735 51 18
19736 47 20
19737 56 47
19738 61 15
19739 43 42
19740 54 4
19741 55 49
19742 53 42
19743 62 39
19744 63 45
19745 49 36
19746 70 31
19747 67 21
19748 43 13
19749 48 5
19750 61 5
19751 47 5
19752 67 24
19753 52 46
19754 47 6
19755 61 26
19756 57 18
19757 46 15
19758 47 36
19759 63 32
19760 68 19
19761 64 0
19762 66 43
19763 46 7
19764 46 2
19765 63 46
19766 58 27
19767 70 3
19768 47 34
19769 65 20
19770 60 21
19771 65 38
19772 54 33
19773 60 23
19774 42 35
19775 65 7
19776 55 0
19777 65 43
19778 69 2
19779 40 47
19780 40 15
19781 68 27
19782 59 27
19783 50 26
19784 57 16
19785 58 40
19786 44 6
19787 52 48
19788 65 10
19789 51 4
19790 44 26
19791 52 22
19792 45 3
19793 54 33
19794 51 44
19795 49 0
19796 48 29
19797 50 40
19798 53 5
19799 48 9
19800 53 42
19801 59 30
19802 56 37
19803 58 36
19804 69 6
19805 56 25
19806 53 25
19807 54 17
19808 70 10
19809 54 28
19810 53 23
19811 63 17
19812 58 32
19813 68 41
19814 60 41
19815 53 22
19816 59 47
19817 58 40
19818 68 17
19819 65 42
19820 61 46
19821 44 28
19822 54 18
19823 66 19
19824 67 17
19825 64 12
19826 68 34
19827 51 22
19828 49 44
19829 59 9
19830 65 3
19831 44 45
19832 50 23
19833 56 12
19834 41 29
19835 67 24
19836 69 4
19837 54 31
19838 54 37
19839 50 0
19840 53 50
19841 53 27
19842 49 42
19843 50 25
19844 59 7
19845 65 21
19846 63 38
19847 42 14
19848 65 0
19849 61 17
19850 41 46
19851 45 27
19852 60 49
19853 47 48
19854 43 46
19855 64 7
19856 55 50
19857 55 39
19858 69 25
19859 52 1
19860 43 31
19861 63 32
19862 68 26
19863 46 33
19864 55 45
19865 65 47
19866 63 39
19867 51 18
19868 65 20
19869 53 38
19870 41 39
19871 69 28
19872 69 0
19873 70 38
19874 58 6
19875 59 43
19876 52 31
19877 51 22
19878 41 25
19879 52 24
19880 58 43
19881 66 48
19882 43 8
19883 57 21
19884 49 37
19885 66 32
19886 53 22
19887 52 15
19888 59 27
19889 46 16
19890 66 36
19891 59 28
19892 56 14
19893 52 16
19894 46 13
19895 69 43
19896 44 39
19897 50 25
19898 46 25
19899 54 42
19900 50 9
19901 51 36
19902 70 1
19903 56 26
19904 43 2
19905 45 0
19906 63 49
19907 58 37
19908 42 44
19909 41 3
19910 69 34
19911 48 38
19912 42 36
19913 40 15
19914 65 7
19915 48 37
19916 69 17
19917 44 6
19918 42 1
19919 70 34
19920 55 48
19921 61 8
19922 41 6
19923 40 28
19924 58 46
19925 54 38
19926 45 6
19927 65 11
19928 50 24
19929 63 14
19930 54 15
19931 64 6
19932 54 23
19933 46 20
19934 54 17
19935 68 42
19936 52 33
19937 60 22
19938 69 26
19939 43 50
19940 45 32
19941 62 32
19942 68 34
19943 65 31
19944 42 23
19945 66 30
19946 49 6
19947 56 7
19948 59 36
19949 55 15
19950 62 28
19951 54 47
19952 64 6
19953 42 16
19954 53 38
19955 53 14
19956 49 24
19957 61 27
19958 69 45
19959 47 1
19960 43 12
19961 56 4
19962 40 4
19963 41 2
19964 49 40
19965 45 35
19966 57 26
19967 44 8
19968 52 44
19969 56 50
19970 61 10
19971 42 29
19972 50 33
19973 65 25
19974 41 13
19975 47 37
19976 42 23
19977 40 35
19978 67 27
19979 52 4
19980 48 35
19981 70 13
19982 44 8
19983 47 12
19984 63 12
19985 58 37
19986 55 7
19987 70 18
19988 63 45
19989 52 7
19990 57 17
19991 45 6
19992 56 21
19993 60 39
19994 47 37
19995 40 10
19996 61 22
19997 68 22
19998 45 41
19999 65 40
