1 42 1
2 62 47
3 55 21
4 65 12
5 45 38
6 60 35
7 50 4
8 64 16
9 49 20
10 49 37
11 68 31
12 68 18
13 68 39
14 44 40
15 53 43
16 65 33
17 69 44
18 41 8
19 50 5
20 62 24
21 50 2
22 49 12
23 47 21
24 42 9
25 69 30
26 45 1
27 51 33
28 40 42
29 51 4
30 52 45
31 60 35
32 63 50
33 50 50
34 69 16
35 70 18
36 40 4
37 64 50
38 61 50
39 63 13
40 63 1
41 60 31
42 66 30
43 54 12
44 61 41
45 68 32
46 50 46
47 59 14
48 56 10
49 44 16
50 49 25
51 68 26
52 63 44
53 53 20
54 68 8
55 46 11
56 65 9
57 64 13
58 43 21
59 65 17
60 49 0
61 58 19
62 54 42
63 57 44
64 61 46
65 57 45
66 43 50
67 41 20
68 46 13
69 41 21
70 49 50
71 44 17
72 48 3
73 51 41
74 68 48
75 45 11
76 52 3
77 50 17
78 60 22
79 65 5
80 59 19
81 61 0
82 50 41
83 70 5
84 62 49
85 68 38
86 70 13
87 54 26
88 60 21
89 40 16
90 58 20
91 59 5
92 51 25
93 58 2
94 56 22
95 58 23
96 53 17
97 43 49
98 58 18
99 45 37
100 52 50
