101 58 41
102 59 9
103 43 46
104 48 8
105 55 41
106 69 48
107 42 32
108 47 5
109 52 2
110 68 10
111 67 17
112 43 8
113 69 44
114 62 8
115 53 22
116 49 6
117 63 10
118 58 7
119 65 45
120 55 30
121 60 21
122 55 19
123 60 22
124 50 6
125 68 48
126 66 16
127 70 46
128 65 46
129 43 37
130 40 30
131 62 48
132 64 12
133 41 47
134 57 24
135 45 23
136 50 39
137 59 45
138 65 40
139 61 2
140 63 37
141 54 28
142 46 24
143 60 34
144 66 38
145 62 23
146 61 8
147 49 14
148 54 3
149 70 45
150 56 50
151 42 44
152 50 25
153 47 13
154 40 29
155 49 36
156 56 39
157 66 30
158 57 44
159 61 30
160 66 49
161 61 14
162 48 38
163 58 25
164 58 29
165 68 19
166 51 44
167 61 14
168 55 4
169 43 3
170 59 38
171 66 26
172 65 5
173 69 17
174 64 47
175 50 14
176 48 22
177 58 23
178 55 19
179 43 7
180 51 4
181 51 31
182 65 26
183 40 37
184 64 4
185 50 18
186 60 34
187 65 17
188 64 2
189 66 49
190 40 35
191 58 7
192 42 7
193 59 22
194 49 45
195 45 40
196 50 17
197 56 38
198 62 1
199 48 34
200 41 36
