201 65 12
202 70 18
203 51 7
204 53 0
205 41 46
206 40 7
207 49 45
208 41 43
209 57 50
210 68 28
211 55 31
212 55 49
213 49 15
214 61 4
215 53 18
216 61 45
217 47 4
218 46 35
219 63 28
220 60 13
221 49 30
222 45 46
223 57 0
224 67 46
225 41 18
226 49 50
227 47 9
228 55 50
229 64 2
230 42 1
231 69 41
232 41 42
233 47 47
234 48 44
235 47 19
236 55 20
237 68 33
238 69 25
239 59 12
240 60 1
241 46 6
242 62 23
243 65 42
244 67 19
245 45 16
246 63 41
247 48 38
248 68 48
249 43 37
250 53 25
251 51 1
252 50 22
253 62 49
254 58 28
255 52 49
256 52 14
257 47 6
258 55 45
259 48 3
260 54 46
261 64 18
262 42 3
263 67 3
264 64 18
265 47 48
266 46 26
267 47 49
268 70 9
269 50 33
270 44 12
271 69 49
272 45 6
273 41 42
274 41 42
275 60 48
276 54 14
277 47 45
278 52 12
279 66 37
280 53 2
281 69 31
282 42 47
283 48 3
284 53 27
285 40 0
286 40 22
287 52 0
288 49 10
289 69 24
290 70 23
291 53 27
292 43 37
293 51 9
294 58 35
295 52 41
296 45 33
297 57 0
298 70 21
299 44 30
300 62 25
