301 59 38
302 64 20
303 69 50
304 44 26
305 66 31
306 52 11
307 67 15
308 67 9
309 70 1
310 46 9
311 50 7
312 60 27
313 51 47
314 58 5
315 67 32
316 64 40
317 59 3
318 67 31
319 52 36
320 56 29
321 45 11
322 50 8
323 62 39
324 52 37
325 53 48
326 64 41
327 59 14
328 52 17
329 48 41
330 52 39
331 54 37
332 42 27
333 47 15
334 49 35
335 47 42
336 42 19
337 49 29
338 46 23
339 54 46
340 45 46
341 70 7
342 69 18
343 45 13
344 41 4
345 48 43
346 53 13
347 65 38
348 54 19
349 40 46
350 61 20
351 66 20
352 53 41
353 67 39
354 43 17
355 41 31
356 59 34
357 46 41
358 54 48
359 47 42
360 52 9
361 52 38
362 53 17
363 62 6
364 69 49
365 40 25
366 46 0
367 60 44
368 62 36
369 58 4
370 42 2
371 48 33
372 64 41
373 48 41
374 69 50
375 48 34
376 40 4
377 62 10
378 41 38
379 40 31
380 69 24
381 70 22
382 40 39
383 64 19
384 49 0
385 49 20
386 43 13
387 41 28
388 68 34
389 70 2
390 50 37
391 65 41
392 66 12
393 55 49
394 68 7
395 49 40
396 48 8
397 51 1
398 62 17
399 43 41
400 43 32
