401 64 7
402 68 39
403 53 32
404 42 45
405 44 36
406 47 47
407 41 22
408 60 26
409 55 20
410 62 24
411 68 9
412 50 12
413 45 32
414 48 36
415 56 8
416 68 21
417 61 47
418 46 3
419 53 3
420 63 6
421 44 24
422 55 13
423 55 31
424 42 3
425 42 13
426 54 20
427 56 22
428 63 48
429 64 14
430 46 46
431 41 4
432 41 44
433 51 14
434 42 13
435 41 14
436 47 8
437 64 28
438 60 35
439 64 36
440 45 25
441 50 36
442 52 46
443 62 18
444 46 5
445 64 16
446 47 29
447 67 18
448 57 19
449 43 38
450 66 1
451 46 24
452 60 21
453 40 30
454 62 47
455 55 34
456 59 23
457 40 2
458 54 45
459 44 50
460 43 20
461 49 34
462 63 32
463 49 24
464 62 12
465 68 16
466 63 27
467 65 13
468 58 34
469 42 42
470 59 28
471 54 50
472 57 17
473 66 14
474 65 48
475 62 0
476 43 27
477 68 47
478 66 40
479 51 47
480 44 22
481 64 28
482 46 7
483 55 34
484 61 27
485 50 41
486 60 33
487 47 15
488 53 34
489 56 10
490 47 7
491 61 16
492 55 12
493 55 17
494 40 0
495 62 8
496 50 47
497 70 24
498 54 8
499 56 26
500 63 22
