501 70 21
502 44 30
503 50 11
504 64 18
505 52 35
506 43 46
507 64 33
508 62 47
509 45 16
510 66 46
511 58 22
512 56 5
513 61 34
514 46 4
515 48 23
516 58 39
517 44 20
518 54 35
519 46 20
520 65 49
521 55 40
522 67 46
523 50 39
524 57 2
525 52 19
526 68 16
527 55 45
528 68 16
529 59 19
530 60 44
531 65 13
532 50 2
533 65 19
534 42 4
535 63 43
536 69 47
537 45 47
538 70 20
539 61 10
540 48 12
541 59 7
542 70 19
543 68 21
544 53 16
545 69 22
546 43 22
547 40 9
548 60 5
549 66 45
550 62 12
551 46 41
552 64 41
553 56 46
554 53 1
555 58 6
556 46 5
557 70 41
558 59 9
559 51 22
560 41 41
561 49 13
562 63 39
563 67 19
564 45 48
565 58 35
566 61 21
567 67 46
568 47 33
569 55 7
570 44 26
571 43 43
572 50 31
573 42 1
574 51 25
575 46 49
576 50 21
577 40 13
578 66 12
579 69 33
580 70 48
581 56 21
582 69 47
583 46 17
584 49 45
585 68 15
586 59 37
587 43 32
588 59 30
589 69 8
590 68 16
591 50 13
592 49 3
593 47 24
594 65 2
595 66 2
596 41 50
597 51 35
598 54 37
599 51 23
600 47 50
