601 45 1
602 58 24
603 48 35
604 54 3
605 50 4
606 53 45
607 47 29
608 68 15
609 59 47
610 66 23
611 43 38
612 68 31
613 62 35
614 61 7
615 63 40
616 57 31
617 52 7
618 61 37
619 70 12
620 69 32
621 60 46
622 64 19
623 41 9
624 61 6
625 43 10
626 50 43
627 48 2
628 64 39
629 61 40
630 44 5
631 51 22
632 41 27
633 65 16
634 41 13
635 59 4
636 59 20
637 55 36
638 45 43
639 63 35
640 49 24
641 63 17
642 63 43
643 62 28
644 44 15
645 59 35
646 67 28
647 41 0
648 70 30
649 53 41
650 64 32
651 51 35
652 54 21
653 43 46
654 62 22
655 44 48
656 70 10
657 43 14
658 69 33
659 64 46
660 67 23
661 42 43
662 55 34
663 64 31
664 58 39
665 54 46
666 60 32
667 44 10
668 40 0
669 63 46
670 69 49
671 45 8
672 56 10
673 56 43
674 67 25
675 60 41
676 45 50
677 56 23
678 60 46
679 53 50
680 49 21
681 46 8
682 68 17
683 43 15
684 68 24
685 59 29
686 58 14
687 66 3
688 40 33
689 67 27
690 69 31
691 42 32
692 53 41
693 51 43
694 62 30
695 61 34
696 65 28
697 48 43
698 46 6
699 42 31
700 68 24
