701 40 3
702 59 15
703 45 41
704 65 8
705 64 5
706 54 40
707 43 1
708 47 50
709 46 9
710 43 35
711 56 35
712 59 24
713 58 50
714 52 49
715 51 36
716 69 31
717 50 41
718 64 40
719 56 8
720 67 3
721 63 11
722 68 34
723 59 23
724 41 32
725 57 21
726 40 39
727 42 11
728 67 30
729 44 8
730 64 34
731 52 12
732 41 1
733 69 20
734 43 10
735 47 12
736 58 46
737 55 18
738 61 1
739 46 43
740 42 38
741 65 28
742 52 15
743 66 37
744 66 32
745 67 41
746 42 45
747 54 8
748 62 26
749 55 45
750 57 16
751 58 40
752 69 9
753 53 34
754 57 31
755 52 20
756 68 28
757 66 47
758 48 26
759 45 10
760 59 42
761 62 31
762 57 23
763 56 49
764 62 41
765 46 49
766 49 43
767 46 1
768 65 15
769 66 41
770 44 28
771 43 40
772 54 21
773 47 13
774 59 0
775 70 20
776 64 28
777 43 17
778 50 18
779 63 1
780 63 50
781 57 5
782 44 27
783 41 9
784 56 19
785 44 1
786 42 33
787 42 23
788 53 32
789 66 11
790 58 41
791 69 23
792 40 4
793 43 44
794 66 22
795 60 20
796 57 14
797 45 30
798 42 42
799 59 18
800 53 28
