801 41 39
802 53 31
803 41 23
804 63 18
805 63 35
806 56 23
807 58 31
808 57 23
809 67 7
810 59 46
811 57 2
812 56 17
813 68 21
814 40 17
815 49 16
816 45 26
817 52 21
818 41 39
819 46 1
820 65 9
821 43 8
822 60 12
823 55 39
824 50 0
825 63 38
826 59 26
827 63 27
828 58 2
829 46 41
830 62 36
831 41 17
832 60 2
833 62 2
834 66 28
835 43 26
836 46 10
837 50 43
838 61 0
839 67 33
840 48 17
841 59 15
842 64 48
843 68 29
844 49 6
845 66 8
846 43 26
847 61 0
848 60 13
849 66 2
850 59 41
851 70 11
852 67 29
853 53 28
854 67 6
855 45 28
856 42 3
857 68 18
858 52 2
859 58 6
860 47 15
861 57 35
862 63 2
863 63 16
864 55 37
865 56 45
866 52 2
867 55 48
868 69 34
869 57 3
870 70 46
871 42 21
872 54 39
873 58 2
874 63 12
875 50 32
876 49 38
877 42 3
878 61 34
879 50 22
880 59 11
881 55 15
882 66 33
883 42 49
884 66 42
885 62 7
886 66 37
887 66 42
888 48 20
889 53 44
890 69 1
891 59 49
892 63 21
893 67 30
894 55 33
895 43 14
896 51 16
897 68 27
898 65 47
899 69 20
900 60 14
