901 64 4
902 58 26
903 70 8
904 61 35
905 66 10
906 45 50
907 44 39
908 50 39
909 67 14
910 64 34
911 55 36
912 53 1
913 49 43
914 70 32
915 50 7
916 68 18
917 45 47
918 56 23
919 51 20
920 65 34
921 51 41
922 61 14
923 54 12
924 70 23
925 40 4
926 59 13
927 40 24
928 67 32
929 68 50
930 43 8
931 52 4
932 42 43
933 40 3
934 50 14
935 40 11
936 59 35
937 41 29
938 42 20
939 57 35
940 59 5
941 43 26
942 40 19
943 45 46
944 61 36
945 51 5
946 54 16
947 41 46
948 53 28
949 44 2
950 46 6
951 67 21
952 57 45
953 66 32
954 56 34
955 57 8
956 53 30
957 42 18
958 56 50
959 49 20
960 66 24
961 67 23
962 54 50
963 47 44
964 64 14
965 49 38
966 54 13
967 50 39
968 59 13
969 54 2
970 41 0
971 40 30
972 68 29
973 45 38
974 60 15
975 40 43
976 57 38
977 69 31
978 56 14
979 63 46
980 70 28
981 56 26
982 42 48
983 44 27
984 51 36
985 64 26
986 45 29
987 44 18
988 69 39
989 40 50
990 61 15
991 68 5
992 60 29
993 68 43
994 60 45
995 53 30
996 49 18
997 40 35
998 65 26
999 41 17
1000 64 47
