1001 61 29
1002 62 14
1003 61 43
1004 50 50
1005 43 3
1006 70 9
1007 50 43
1008 45 4
1009 52 35
1010 50 7
1011 51 39
1012 54 6
1013 46 41
1014 57 42
1015 47 4
1016 51 46
1017 61 18
1018 44 38
1019 49 21
1020 51 39
1021 42 40
1022 69 44
1023 59 42
1024 41 12
1025 40 42
1026 67 24
1027 59 12
1028 56 0
1029 42 8
1030 55 39
1031 44 43
1032 68 39
1033 44 3
1034 41 20
1035 67 49
1036 57 44
1037 70 46
1038 61 3
1039 54 44
1040 53 47
1041 44 26
1042 55 30
1043 45 13
1044 66 37
1045 41 1
1046 63 32
1047 49 37
1048 40 5
1049 44 24
1050 63 37
1051 51 21
1052 57 27
1053 69 35
1054 56 40
1055 68 23
1056 60 49
1057 63 38
1058 46 7
1059 41 40
1060 42 2
1061 60 3
1062 47 24
1063 43 1
1064 64 22
1065 42 50
1066 48 31
1067 57 44
1068 57 7
1069 48 42
1070 60 17
1071 54 37
1072 56 33
1073 68 28
1074 56 29
1075 43 11
1076 63 15
1077 57 17
1078 70 24
1079 70 2
1080 43 37
1081 66 29
1082 64 26
1083 47 14
1084 44 2
1085 45 15
1086 59 38
1087 61 48
1088 43 42
1089 57 12
1090 52 14
1091 53 16
1092 44 33
1093 58 14
1094 46 10
1095 57 48
1096 44 9
1097 55 43
1098 40 45
1099 54 5
1100 65 27
