1101 51 26
1102 40 38
1103 65 23
1104 46 22
1105 50 38
1106 44 45
1107 56 9
1108 59 20
1109 60 48
1110 60 36
1111 61 47
1112 61 43
1113 47 19
1114 62 46
1115 62 0
1116 67 16
1117 54 22
1118 61 8
1119 65 22
1120 50 33
1121 56 17
1122 48 23
1123 59 7
1124 50 4
1125 43 34
1126 40 47
1127 51 25
1128 43 14
1129 70 47
1130 57 14
1131 58 2
1132 40 36
1133 49 12
1134 54 32
1135 64 23
1136 52 33
1137 59 11
1138 49 27
1139 52 41
1140 66 14
1141 49 4
1142 65 26
1143 69 31
1144 54 22
1145 42 6
1146 57 6
1147 44 32
1148 69 5
1149 49 34
1150 48 22
1151 53 35
1152 61 36
1153 44 33
1154 45 46
1155 59 45
1156 53 31
1157 65 20
1158 60 26
1159 69 17
1160 50 42
1161 69 29
1162 43 16
1163 41 15
1164 50 29
1165 50 25
1166 60 21
1167 68 47
1168 45 18
1169 68 10
1170 57 20
1171 51 47
1172 50 26
1173 68 28
1174 40 21
1175 41 22
1176 57 37
1177 61 1
1178 64 0
1179 69 39
1180 65 30
1181 62 31
1182 63 13
1183 64 0
1184 43 22
1185 70 1
1186 67 24
1187 56 27
1188 44 30
1189 52 24
1190 62 4
1191 57 35
1192 65 29
1193 44 36
1194 42 7
1195 62 43
1196 70 18
1197 40 1
1198 52 44
1199 66 20
1200 70 0
