1201 48 3
1202 53 7
1203 65 33
1204 49 44
1205 69 44
1206 57 26
1207 64 34
1208 56 30
1209 63 38
1210 68 15
1211 41 40
1212 67 42
1213 51 25
1214 45 48
1215 44 29
1216 47 40
1217 61 21
1218 54 11
1219 48 33
1220 65 2
1221 65 5
1222 63 25
1223 42 8
1224 45 42
1225 65 16
1226 56 6
1227 63 4
1228 59 32
1229 51 3
1230 46 41
1231 61 20
1232 66 17
1233 70 50
1234 58 9
1235 64 46
1236 59 15
1237 52 7
1238 68 12
1239 44 50
1240 41 15
1241 63 26
1242 58 35
1243 62 21
1244 52 23
1245 51 40
1246 52 25
1247 41 9
1248 50 16
1249 66 34
1250 41 6
1251 51 14
1252 59 11
1253 67 15
1254 45 39
1255 46 31
1256 43 24
1257 65 22
1258 42 34
1259 50 7
1260 62 43
1261 63 12
1262 50 1
1263 57 32
1264 53 30
1265 66 40
1266 64 6
1267 59 35
1268 61 26
1269 43 42
1270 63 32
1271 65 16
1272 68 28
1273 59 17
1274 55 34
1275 64 46
1276 46 35
1277 65 9
1278 45 0
1279 43 1
1280 46 41
1281 48 34
1282 67 31
1283 53 43
1284 67 30
1285 54 29
1286 57 30
1287 48 9
1288 55 9
1289 70 10
1290 54 6
1291 47 40
1292 63 4
1293 55 23
1294 64 34
1295 63 49
1296 41 24
1297 62 45
1298 58 13
1299 62 39
1300 52 1
