1301 53 20
1302 60 37
1303 48 50
1304 47 15
1305 44 40
1306 58 18
1307 51 10
1308 41 41
1309 52 13
1310 45 0
1311 56 22
1312 58 27
1313 53 25
1314 53 14
1315 45 41
1316 59 21
1317 52 36
1318 58 2
1319 42 23
1320 43 18
1321 55 2
1322 65 26
1323 68 9
1324 50 37
1325 58 19
1326 55 29
1327 45 7
1328 53 12
1329 50 30
1330 56 18
1331 53 44
1332 41 2
1333 44 44
1334 60 39
1335 45 12
1336 51 46
1337 41 18
1338 64 14
1339 54 23
1340 51 4
1341 59 1
1342 57 25
1343 44 34
1344 67 2
1345 68 14
1346 63 0
1347 61 16
1348 58 38
1349 50 37
1350 54 36
1351 66 12
1352 69 45
1353 70 27
1354 43 15
1355 50 49
1356 49 50
1357 59 11
1358 65 40
1359 60 23
1360 48 26
1361 52 15
1362 51 30
1363 50 13
1364 46 13
1365 51 11
1366 67 1
1367 66 38
1368 54 31
1369 60 14
1370 47 38
1371 51 16
1372 47 6
1373 61 17
1374 62 24
1375 69 29
1376 40 23
1377 59 33
1378 67 33
1379 59 48
1380 61 10
1381 54 10
1382 57 25
1383 43 30
1384 67 47
1385 67 29
1386 60 18
1387 52 47
1388 65 48
1389 49 30
1390 65 24
1391 59 32
1392 42 6
1393 55 13
1394 56 30
1395 56 3
1396 40 33
1397 49 7
1398 51 15
1399 46 40
1400 50 21
