1401 65 30
1402 42 0
1403 53 44
1404 44 18
1405 69 28
1406 67 1
1407 41 38
1408 57 8
1409 44 25
1410 50 14
1411 41 4
1412 54 38
1413 40 14
1414 70 12
1415 51 40
1416 60 41
1417 55 42
1418 64 33
1419 65 44
1420 53 37
1421 60 49
1422 53 39
1423 65 7
1424 63 8
1425 69 9
1426 55 4
1427 49 38
1428 62 11
1429 48 10
1430 51 24
1431 54 2
1432 60 21
1433 42 21
1434 46 14
1435 66 8
1436 40 12
1437 58 1
1438 42 19
1439 68 47
1440 57 19
1441 56 0
1442 60 27
1443 49 36
1444 44 46
1445 47 2
1446 46 36
1447 52 35
1448 58 34
1449 65 0
1450 57 9
1451 69 25
1452 41 25
1453 41 39
1454 58 8
1455 41 7
1456 52 23
1457 70 41
1458 47 41
1459 40 6
1460 57 21
1461 40 1
1462 66 30
1463 67 50
1464 68 32
1465 63 28
1466 47 27
1467 67 27
1468 67 40
1469 42 45
1470 40 40
1471 49 28
1472 70 10
1473 70 34
1474 56 13
1475 52 9
1476 52 0
1477 53 46
1478 65 46
1479 49 15
1480 45 28
1481 66 20
1482 62 4
1483 52 6
1484 56 10
1485 59 0
1486 70 23
1487 62 45
1488 60 25
1489 47 46
1490 54 14
1491 45 29
1492 45 50
1493 41 25
1494 40 30
1495 40 9
1496 54 6
1497 56 33
1498 63 39
1499 57 37
1500 45 4
