1501 43 33
1502 65 39
1503 60 33
1504 69 3
1505 68 25
1506 65 43
1507 45 41
1508 43 49
1509 70 32
1510 54 26
1511 44 45
1512 56 26
1513 57 40
1514 68 9
1515 60 5
1516 44 48
1517 69 9
1518 67 33
1519 46 40
1520 65 36
1521 41 12
1522 46 8
1523 54 6
1524 57 22
1525 64 32
1526 64 49
1527 62 1
1528 62 22
1529 59 42
1530 60 28
1531 59 24
1532 47 29
1533 54 6
1534 57 36
1535 62 9
1536 70 2
1537 46 11
1538 46 21
1539 43 14
1540 43 0
1541 50 45
1542 61 4
1543 59 32
1544 49 46
1545 58 28
1546 62 6
1547 60 39
1548 59 23
1549 61 37
1550 62 4
1551 48 27
1552 44 50
1553 45 24
1554 70 45
1555 49 43
1556 57 47
1557 68 3
1558 47 26
1559 53 39
1560 63 16
1561 51 35
1562 44 47
1563 69 5
1564 58 25
1565 57 46
1566 58 40
1567 42 40
1568 69 36
1569 48 19
1570 62 28
1571 65 31
1572 55 32
1573 66 9
1574 47 41
1575 41 7
1576 49 40
1577 45 44
1578 69 41
1579 46 22
1580 43 43
1581 54 3
1582 45 37
1583 68 37
1584 51 32
1585 68 19
1586 67 25
1587 69 43
1588 61 47
1589 50 24
1590 44 46
1591 59 41
1592 51 17
1593 47 48
1594 67 40
1595 69 47
1596 47 2
1597 49 19
1598 56 46
1599 49 41
1600 67 44
