1601 65 32
1602 67 25
1603 47 30
1604 48 8
1605 63 40
1606 57 17
1607 52 35
1608 64 43
1609 49 35
1610 61 15
1611 58 44
1612 44 35
1613 55 14
1614 57 22
1615 40 44
1616 43 19
1617 53 4
1618 51 15
1619 59 25
1620 64 31
1621 70 14
1622 68 44
1623 61 12
1624 46 29
1625 59 49
1626 50 22
1627 52 43
1628 45 38
1629 42 27
1630 56 50
1631 40 41
1632 66 21
1633 49 42
1634 45 25
1635 60 26
1636 46 38
1637 65 44
1638 58 33
1639 48 42
1640 42 43
1641 57 29
1642 61 1
1643 66 30
1644 53 33
1645 65 48
1646 46 19
1647 63 48
1648 55 42
1649 52 35
1650 57 50
1651 53 49
1652 48 50
1653 66 41
1654 44 0
1655 68 19
1656 69 41
1657 46 18
1658 55 29
1659 66 16
1660 63 43
1661 63 15
1662 41 48
1663 70 22
1664 41 47
1665 48 48
1666 50 45
1667 62 41
1668 54 12
1669 55 49
1670 55 33
1671 60 25
1672 67 48
1673 67 48
1674 62 4
1675 64 26
1676 67 28
1677 42 23
1678 60 12
1679 46 3
1680 56 45
1681 40 17
1682 40 2
1683 55 33
1684 68 48
1685 67 31
1686 53 17
1687 60 32
1688 56 42
1689 54 13
1690 58 23
1691 46 28
1692 46 22
1693 57 10
1694 52 46
1695 67 18
1696 65 42
1697 66 29
1698 57 4
1699 49 13
1700 54 42
