1701 47 14
1702 60 15
1703 57 13
1704 45 15
1705 67 42
1706 56 47
1707 53 10
1708 64 6
1709 48 26
1710 40 48
1711 61 28
1712 63 22
1713 59 6
1714 56 11
1715 55 45
1716 45 8
1717 47 8
1718 40 37
1719 64 6
1720 56 42
1721 63 36
1722 67 50
1723 56 18
1724 44 14
1725 68 9
1726 60 15
1727 51 29
1728 61 11
1729 67 28
1730 60 23
1731 42 38
1732 68 35
1733 49 7
1734 57 8
1735 62 17
1736 63 22
1737 45 7
1738 50 14
1739 44 4
1740 61 28
1741 42 40
1742 46 1
1743 66 2
1744 62 20
1745 56 9
1746 68 6
1747 55 30
1748 60 15
1749 67 44
1750 68 25
1751 54 16
1752 60 33
1753 44 27
1754 44 3
1755 60 22
1756 45 27
1757 42 12
1758 48 9
1759 70 16
1760 48 46
1761 64 45
1762 43 29
1763 46 18
1764 64 44
1765 61 6
1766 56 21
1767 47 4
1768 51 7
1769 62 50
1770 68 40
1771 44 35
1772 58 22
1773 54 22
1774 59 28
1775 48 41
1776 64 30
1777 56 25
1778 64 20
1779 65 8
1780 64 12
1781 46 30
1782 66 12
1783 62 42
1784 44 34
1785 49 49
1786 52 39
1787 48 46
1788 55 19
1789 68 46
1790 61 37
1791 53 42
1792 41 44
1793 49 14
1794 53 34
1795 63 32
1796 64 13
1797 42 31
1798 57 8
1799 45 22
1800 69 8
