1801 67 9
1802 65 34
1803 40 32
1804 63 20
1805 57 17
1806 48 39
1807 45 43
1808 68 14
1809 69 4
1810 58 7
1811 54 27
1812 51 35
1813 60 7
1814 41 39
1815 43 21
1816 56 1
1817 68 48
1818 54 47
1819 40 42
1820 60 19
1821 66 38
1822 64 29
1823 40 18
1824 69 10
1825 68 33
1826 46 18
1827 64 47
1828 70 28
1829 58 36
1830 69 48
1831 63 39
1832 57 40
1833 43 29
1834 53 1
1835 48 31
1836 51 5
1837 70 23
1838 64 6
1839 41 17
1840 44 1
1841 48 1
1842 58 23
1843 40 0
1844 68 1
1845 59 39
1846 40 4
1847 44 13
1848 55 2
1849 52 2
1850 41 47
1851 59 16
1852 55 3
1853 51 19
1854 49 47
1855 43 46
1856 70 3
1857 49 27
1858 59 22
1859 69 19
1860 67 27
1861 60 37
1862 45 22
1863 59 44
1864 50 11
1865 43 33
1866 62 39
1867 63 28
1868 43 50
1869 68 37
1870 46 0
1871 65 31
1872 63 43
1873 57 3
1874 49 5
1875 41 42
1876 68 42
1877 62 46
1878 51 24
1879 56 3
1880 63 8
1881 66 19
1882 69 41
1883 44 3
1884 47 4
1885 58 23
1886 51 40
1887 52 37
1888 70 41
1889 41 21
1890 43 2
1891 53 45
1892 44 35
1893 40 23
1894 42 45
1895 64 39
1896 62 48
1897 55 2
1898 59 19
1899 45 7
1900 57 2
