1901 52 13
1902 64 32
1903 63 42
1904 43 14
1905 56 7
1906 62 35
1907 49 43
1908 48 37
1909 42 7
1910 46 22
1911 50 4
1912 47 42
1913 48 4
1914 58 11
1915 48 35
1916 62 14
1917 59 50
1918 50 0
1919 51 35
1920 46 27
1921 70 38
1922 53 48
1923 59 31
1924 48 5
1925 45 46
1926 58 3
1927 51 11
1928 64 16
1929 41 34
1930 46 28
1931 62 44
1932 47 42
1933 49 16
1934 42 23
1935 61 26
1936 55 1
1937 41 47
1938 42 41
1939 40 48
1940 70 50
1941 70 27
1942 61 48
1943 48 49
1944 64 4
1945 61 33
1946 44 18
1947 45 6
1948 52 17
1949 70 33
1950 57 21
1951 48 8
1952 57 33
1953 67 45
1954 58 14
1955 57 24
1956 53 46
1957 62 19
1958 68 14
1959 49 21
1960 40 50
1961 60 16
1962 58 43
1963 48 41
1964 64 48
1965 60 26
1966 53 0
1967 45 20
1968 50 10
1969 46 32
1970 45 43
1971 48 27
1972 43 11
1973 65 23
1974 60 8
1975 60 12
1976 44 21
1977 65 41
1978 47 2
1979 55 25
1980 42 44
1981 61 9
1982 51 23
1983 53 40
1984 43 7
1985 55 47
1986 45 29
1987 67 33
1988 59 48
1989 58 50
1990 55 5
1991 70 0
1992 60 24
1993 59 5
1994 43 23
1995 47 11
1996 70 12
1997 51 22
1998 41 33
1999 51 20
