1 42 1
2 62 47
3 55 21
4 65 12
5 45 38
6 60 35
7 50 4
8 64 16
9 49 20
10 49 37
11 68 31
12 68 18
13 68 39
14 44 40
15 53 43
16 65 33
17 69 44
18 41 8
19 50 5
20 62 24
21 50 2
22 49 12
23 47 21
24 42 9
25 69 30
26 45 1
27 51 33
28 40 42
29 51 4
30 52 45
31 60 35
32 63 50
33 50 50
34 69 16
35 70 18
36 40 4
37 64 50
38 61 50
39 63 13
40 63 1
41 60 31
42 66 30
43 54 12
44 61 41
45 68 32
46 50 46
47 59 14
48 56 10
49 44 16
50 49 25
51 68 26
52 63 44
53 53 20
54 68 8
55 46 11
56 65 9
57 64 13
58 43 21
59 65 17
60 49 0
61 58 19
62 54 42
63 57 44
64 61 46
65 57 45
66 43 50
67 41 20
68 46 13
69 41 21
70 49 50
71 44 17
72 48 3
73 51 41
74 68 48
75 45 11
76 52 3
77 50 17
78 60 22
79 65 5
80 59 19
81 61 0
82 50 41
83 70 5
84 62 49
85 68 38
86 70 13
87 54 26
88 60 21
89 40 16
90 58 20
91 59 5
92 51 25
93 58 2
94 56 22
95 58 23
96 53 17
97 43 49
98 58 18
99 45 37
100 52 50
101 58 41
102 59 9
103 43 46
104 48 8
105 55 41
106 69 48
107 42 32
108 47 5
109 52 2
110 68 10
111 67 17
112 43 8
113 69 44
114 62 8
115 53 22
116 49 6
117 63 10
118 58 7
119 65 45
120 55 30
121 60 21
122 55 19
123 60 22
124 50 6
125 68 48
126 66 16
127 70 46
128 65 46
129 43 37
130 40 30
131 62 48
132 64 12
133 41 47
134 57 24
135 45 23
136 50 39
137 59 45
138 65 40
139 61 2
140 63 37
141 54 28
142 46 24
143 60 34
144 66 38
145 62 23
146 61 8
147 49 14
148 54 3
149 70 45
150 56 50
151 42 44
152 50 25
153 47 13
154 40 29
155 49 36
156 56 39
157 66 30
158 57 44
159 61 30
160 66 49
161 61 14
162 48 38
163 58 25
164 58 29
165 68 19
166 51 44
167 61 14
168 55 4
169 43 3
170 59 38
171 66 26
172 65 5
173 69 17
174 64 47
175 50 14
176 48 22
177 58 23
178 55 19
179 43 7
180 51 4
181 51 31
182 65 26
183 40 37
184 64 4
185 50 18
186 60 34
187 65 17
188 64 2
189 66 49
190 40 35
191 58 7
192 42 7
193 59 22
194 49 45
195 45 40
196 50 17
197 56 38
198 62 1
199 48 34
200 41 36
201 65 12
202 70 18
203 51 7
204 53 0
205 41 46
206 40 7
207 49 45
208 41 43
209 57 50
210 68 28
211 55 31
212 55 49
213 49 15
214 61 4
215 53 18
216 61 45
217 47 4
218 46 35
219 63 28
220 60 13
221 49 30
222 45 46
223 57 0
224 67 46
225 41 18
226 49 50
227 47 9
228 55 50
229 64 2
230 42 1
231 69 41
232 41 42
233 47 47
234 48 44
235 47 19
236 55 20
237 68 33
238 69 25
239 59 12
240 60 1
241 46 6
242 62 23
243 65 42
244 67 19
245 45 16
246 63 41
247 48 38
248 68 48
249 43 37
250 53 25
251 51 1
252 50 22
253 62 49
254 58 28
255 52 49
256 52 14
257 47 6
258 55 45
259 48 3
260 54 46
261 64 18
262 42 3
263 67 3
264 64 18
265 47 48
266 46 26
267 47 49
268 70 9
269 50 33
270 44 12
271 69 49
272 45 6
273 41 42
274 41 42
275 60 48
276 54 14
277 47 45
278 52 12
279 66 37
280 53 2
281 69 31
282 42 47
283 48 3
284 53 27
285 40 0
286 40 22
287 52 0
288 49 10
289 69 24
290 70 23
291 53 27
292 43 37
293 51 9
294 58 35
295 52 41
296 45 33
297 57 0
298 70 21
299 44 30
300 62 25
301 59 38
302 64 20
303 69 50
304 44 26
305 66 31
306 52 11
307 67 15
308 67 9
309 70 1
310 46 9
311 50 7
312 60 27
313 51 47
314 58 5
315 67 32
316 64 40
317 59 3
318 67 31
319 52 36
320 56 29
321 45 11
322 50 8
323 62 39
324 52 37
325 53 48
326 64 41
327 59 14
328 52 17
329 48 41
330 52 39
331 54 37
332 42 27
333 47 15
334 49 35
335 47 42
336 42 19
337 49 29
338 46 23
339 54 46
340 45 46
341 70 7
342 69 18
343 45 13
344 41 4
345 48 43
346 53 13
347 65 38
348 54 19
349 40 46
350 61 20
351 66 20
352 53 41
353 67 39
354 43 17
355 41 31
356 59 34
357 46 41
358 54 48
359 47 42
360 52 9
361 52 38
362 53 17
363 62 6
364 69 49
365 40 25
366 46 0
367 60 44
368 62 36
369 58 4
370 42 2
371 48 33
372 64 41
373 48 41
374 69 50
375 48 34
376 40 4
377 62 10
378 41 38
379 40 31
380 69 24
381 70 22
382 40 39
383 64 19
384 49 0
385 49 20
386 43 13
387 41 28
388 68 34
389 70 2
390 50 37
391 65 41
392 66 12
393 55 49
394 68 7
395 49 40
396 48 8
397 51 1
398 62 17
399 43 41
400 43 32
401 64 7
402 68 39
403 53 32
404 42 45
405 44 36
406 47 47
407 41 22
408 60 26
409 55 20
410 62 24
411 68 9
412 50 12
413 45 32
414 48 36
415 56 8
416 68 21
417 61 47
418 46 3
419 53 3
420 63 6
421 44 24
422 55 13
423 55 31
424 42 3
425 42 13
426 54 20
427 56 22
428 63 48
429 64 14
430 46 46
431 41 4
432 41 44
433 51 14
434 42 13
435 41 14
436 47 8
437 64 28
438 60 35
439 64 36
440 45 25
441 50 36
442 52 46
443 62 18
444 46 5
445 64 16
446 47 29
447 67 18
448 57 19
449 43 38
450 66 1
451 46 24
452 60 21
453 40 30
454 62 47
455 55 34
456 59 23
457 40 2
458 54 45
459 44 50
460 43 20
461 49 34
462 63 32
463 49 24
464 62 12
465 68 16
466 63 27
467 65 13
468 58 34
469 42 42
470 59 28
471 54 50
472 57 17
473 66 14
474 65 48
475 62 0
476 43 27
477 68 47
478 66 40
479 51 47
480 44 22
481 64 28
482 46 7
483 55 34
484 61 27
485 50 41
486 60 33
487 47 15
488 53 34
489 56 10
490 47 7
491 61 16
492 55 12
493 55 17
494 40 0
495 62 8
496 50 47
497 70 24
498 54 8
499 56 26
500 63 22
501 70 21
502 44 30
503 50 11
504 64 18
505 52 35
506 43 46
507 64 33
508 62 47
509 45 16
510 66 46
511 58 22
512 56 5
513 61 34
514 46 4
515 48 23
516 58 39
517 44 20
518 54 35
519 46 20
520 65 49
521 55 40
522 67 46
523 50 39
524 57 2
525 52 19
526 68 16
527 55 45
528 68 16
529 59 19
530 60 44
531 65 13
532 50 2
533 65 19
534 42 4
535 63 43
536 69 47
537 45 47
538 70 20
539 61 10
540 48 12
541 59 7
542 70 19
543 68 21
544 53 16
545 69 22
546 43 22
547 40 9
548 60 5
549 66 45
550 62 12
551 46 41
552 64 41
553 56 46
554 53 1
555 58 6
556 46 5
557 70 41
558 59 9
559 51 22
560 41 41
561 49 13
562 63 39
563 67 19
564 45 48
565 58 35
566 61 21
567 67 46
568 47 33
569 55 7
570 44 26
571 43 43
572 50 31
573 42 1
574 51 25
575 46 49
576 50 21
577 40 13
578 66 12
579 69 33
580 70 48
581 56 21
582 69 47
583 46 17
584 49 45
585 68 15
586 59 37
587 43 32
588 59 30
589 69 8
590 68 16
591 50 13
592 49 3
593 47 24
594 65 2
595 66 2
596 41 50
597 51 35
598 54 37
599 51 23
600 47 50
601 45 1
602 58 24
603 48 35
604 54 3
605 50 4
606 53 45
607 47 29
608 68 15
609 59 47
610 66 23
611 43 38
612 68 31
613 62 35
614 61 7
615 63 40
616 57 31
617 52 7
618 61 37
619 70 12
620 69 32
621 60 46
622 64 19
623 41 9
624 61 6
625 43 10
626 50 43
627 48 2
628 64 39
629 61 40
630 44 5
631 51 22
632 41 27
633 65 16
634 41 13
635 59 4
636 59 20
637 55 36
638 45 43
639 63 35
640 49 24
641 63 17
642 63 43
643 62 28
644 44 15
645 59 35
646 67 28
647 41 0
648 70 30
649 53 41
650 64 32
651 51 35
652 54 21
653 43 46
654 62 22
655 44 48
656 70 10
657 43 14
658 69 33
659 64 46
660 67 23
661 42 43
662 55 34
663 64 31
664 58 39
665 54 46
666 60 32
667 44 10
668 40 0
669 63 46
670 69 49
671 45 8
672 56 10
673 56 43
674 67 25
675 60 41
676 45 50
677 56 23
678 60 46
679 53 50
680 49 21
681 46 8
682 68 17
683 43 15
684 68 24
685 59 29
686 58 14
687 66 3
688 40 33
689 67 27
690 69 31
691 42 32
692 53 41
693 51 43
694 62 30
695 61 34
696 65 28
697 48 43
698 46 6
699 42 31
700 68 24
701 40 3
702 59 15
703 45 41
704 65 8
705 64 5
706 54 40
707 43 1
708 47 50
709 46 9
710 43 35
711 56 35
712 59 24
713 58 50
714 52 49
715 51 36
716 69 31
717 50 41
718 64 40
719 56 8
720 67 3
721 63 11
722 68 34
723 59 23
724 41 32
725 57 21
726 40 39
727 42 11
728 67 30
729 44 8
730 64 34
731 52 12
732 41 1
733 69 20
734 43 10
735 47 12
736 58 46
737 55 18
738 61 1
739 46 43
740 42 38
741 65 28
742 52 15
743 66 37
744 66 32
745 67 41
746 42 45
747 54 8
748 62 26
749 55 45
750 57 16
751 58 40
752 69 9
753 53 34
754 57 31
755 52 20
756 68 28
757 66 47
758 48 26
759 45 10
760 59 42
761 62 31
762 57 23
763 56 49
764 62 41
765 46 49
766 49 43
767 46 1
768 65 15
769 66 41
770 44 28
771 43 40
772 54 21
773 47 13
774 59 0
775 70 20
776 64 28
777 43 17
778 50 18
779 63 1
780 63 50
781 57 5
782 44 27
783 41 9
784 56 19
785 44 1
786 42 33
787 42 23
788 53 32
789 66 11
790 58 41
791 69 23
792 40 4
793 43 44
794 66 22
795 60 20
796 57 14
797 45 30
798 42 42
799 59 18
800 53 28
801 41 39
802 53 31
803 41 23
804 63 18
805 63 35
806 56 23
807 58 31
808 57 23
809 67 7
810 59 46
811 57 2
812 56 17
813 68 21
814 40 17
815 49 16
816 45 26
817 52 21
818 41 39
819 46 1
820 65 9
821 43 8
822 60 12
823 55 39
824 50 0
825 63 38
826 59 26
827 63 27
828 58 2
829 46 41
830 62 36
831 41 17
832 60 2
833 62 2
834 66 28
835 43 26
836 46 10
837 50 43
838 61 0
839 67 33
840 48 17
841 59 15
842 64 48
843 68 29
844 49 6
845 66 8
846 43 26
847 61 0
848 60 13
849 66 2
850 59 41
851 70 11
852 67 29
853 53 28
854 67 6
855 45 28
856 42 3
857 68 18
858 52 2
859 58 6
860 47 15
861 57 35
862 63 2
863 63 16
864 55 37
865 56 45
866 52 2
867 55 48
868 69 34
869 57 3
870 70 46
871 42 21
872 54 39
873 58 2
874 63 12
875 50 32
876 49 38
877 42 3
878 61 34
879 50 22
880 59 11
881 55 15
882 66 33
883 42 49
884 66 42
885 62 7
886 66 37
887 66 42
888 48 20
889 53 44
890 69 1
891 59 49
892 63 21
893 67 30
894 55 33
895 43 14
896 51 16
897 68 27
898 65 47
899 69 20
900 60 14
901 64 4
902 58 26
903 70 8
904 61 35
905 66 10
906 45 50
907 44 39
908 50 39
909 67 14
910 64 34
911 55 36
912 53 1
913 49 43
914 70 32
915 50 7
916 68 18
917 45 47
918 56 23
919 51 20
920 65 34
921 51 41
922 61 14
923 54 12
924 70 23
925 40 4
926 59 13
927 40 24
928 67 32
929 68 50
930 43 8
931 52 4
932 42 43
933 40 3
934 50 14
935 40 11
936 59 35
937 41 29
938 42 20
939 57 35
940 59 5
941 43 26
942 40 19
943 45 46
944 61 36
945 51 5
946 54 16
947 41 46
948 53 28
949 44 2
950 46 6
951 67 21
952 57 45
953 66 32
954 56 34
955 57 8
956 53 30
957 42 18
958 56 50
959 49 20
960 66 24
961 67 23
962 54 50
963 47 44
964 64 14
965 49 38
966 54 13
967 50 39
968 59 13
969 54 2
970 41 0
971 40 30
972 68 29
973 45 38
974 60 15
975 40 43
976 57 38
977 69 31
978 56 14
979 63 46
980 70 28
981 56 26
982 42 48
983 44 27
984 51 36
985 64 26
986 45 29
987 44 18
988 69 39
989 40 50
990 61 15
991 68 5
992 60 29
993 68 43
994 60 45
995 53 30
996 49 18
997 40 35
998 65 26
999 41 17
1000 64 47
1001 61 29
1002 62 14
1003 61 43
1004 50 50
1005 43 3
1006 70 9
1007 50 43
1008 45 4
1009 52 35
1010 50 7
1011 51 39
1012 54 6
1013 46 41
1014 57 42
1015 47 4
1016 51 46
1017 61 18
1018 44 38
1019 49 21
1020 51 39
1021 42 40
1022 69 44
1023 59 42
1024 41 12
1025 40 42
1026 67 24
1027 59 12
1028 56 0
1029 42 8
1030 55 39
1031 44 43
1032 68 39
1033 44 3
1034 41 20
1035 67 49
1036 57 44
1037 70 46
1038 61 3
1039 54 44
1040 53 47
1041 44 26
1042 55 30
1043 45 13
1044 66 37
1045 41 1
1046 63 32
1047 49 37
1048 40 5
1049 44 24
1050 63 37
1051 51 21
1052 57 27
1053 69 35
1054 56 40
1055 68 23
1056 60 49
1057 63 38
1058 46 7
1059 41 40
1060 42 2
1061 60 3
1062 47 24
1063 43 1
1064 64 22
1065 42 50
1066 48 31
1067 57 44
1068 57 7
1069 48 42
1070 60 17
1071 54 37
1072 56 33
1073 68 28
1074 56 29
1075 43 11
1076 63 15
1077 57 17
1078 70 24
1079 70 2
1080 43 37
1081 66 29
1082 64 26
1083 47 14
1084 44 2
1085 45 15
1086 59 38
1087 61 48
1088 43 42
1089 57 12
1090 52 14
1091 53 16
1092 44 33
1093 58 14
1094 46 10
1095 57 48
1096 44 9
1097 55 43
1098 40 45
1099 54 5
1100 65 27
1101 51 26
1102 40 38
1103 65 23
1104 46 22
1105 50 38
1106 44 45
1107 56 9
1108 59 20
1109 60 48
1110 60 36
1111 61 47
1112 61 43
1113 47 19
1114 62 46
1115 62 0
1116 67 16
1117 54 22
1118 61 8
1119 65 22
1120 50 33
1121 56 17
1122 48 23
1123 59 7
1124 50 4
1125 43 34
1126 40 47
1127 51 25
1128 43 14
1129 70 47
1130 57 14
1131 58 2
1132 40 36
1133 49 12
1134 54 32
1135 64 23
1136 52 33
1137 59 11
1138 49 27
1139 52 41
1140 66 14
1141 49 4
1142 65 26
1143 69 31
1144 54 22
1145 42 6
1146 57 6
1147 44 32
1148 69 5
1149 49 34
1150 48 22
1151 53 35
1152 61 36
1153 44 33
1154 45 46
1155 59 45
1156 53 31
1157 65 20
1158 60 26
1159 69 17
1160 50 42
1161 69 29
1162 43 16
1163 41 15
1164 50 29
1165 50 25
1166 60 21
1167 68 47
1168 45 18
1169 68 10
1170 57 20
1171 51 47
1172 50 26
1173 68 28
1174 40 21
1175 41 22
1176 57 37
1177 61 1
1178 64 0
1179 69 39
1180 65 30
1181 62 31
1182 63 13
1183 64 0
1184 43 22
1185 70 1
1186 67 24
1187 56 27
1188 44 30
1189 52 24
1190 62 4
1191 57 35
1192 65 29
1193 44 36
1194 42 7
1195 62 43
1196 70 18
1197 40 1
1198 52 44
1199 66 20
1200 70 0
1201 48 3
1202 53 7
1203 65 33
1204 49 44
1205 69 44
1206 57 26
1207 64 34
1208 56 30
1209 63 38
1210 68 15
1211 41 40
1212 67 42
1213 51 25
1214 45 48
1215 44 29
1216 47 40
1217 61 21
1218 54 11
1219 48 33
1220 65 2
1221 65 5
1222 63 25
1223 42 8
1224 45 42
1225 65 16
1226 56 6
1227 63 4
1228 59 32
1229 51 3
1230 46 41
1231 61 20
1232 66 17
1233 70 50
1234 58 9
1235 64 46
1236 59 15
1237 52 7
1238 68 12
1239 44 50
1240 41 15
1241 63 26
1242 58 35
1243 62 21
1244 52 23
1245 51 40
1246 52 25
1247 41 9
1248 50 16
1249 66 34
1250 41 6
1251 51 14
1252 59 11
1253 67 15
1254 45 39
1255 46 31
1256 43 24
1257 65 22
1258 42 34
1259 50 7
1260 62 43
1261 63 12
1262 50 1
1263 57 32
1264 53 30
1265 66 40
1266 64 6
1267 59 35
1268 61 26
1269 43 42
1270 63 32
1271 65 16
1272 68 28
1273 59 17
1274 55 34
1275 64 46
1276 46 35
1277 65 9
1278 45 0
1279 43 1
1280 46 41
1281 48 34
1282 67 31
1283 53 43
1284 67 30
1285 54 29
1286 57 30
1287 48 9
1288 55 9
1289 70 10
1290 54 6
1291 47 40
1292 63 4
1293 55 23
1294 64 34
1295 63 49
1296 41 24
1297 62 45
1298 58 13
1299 62 39
1300 52 1
1301 53 20
1302 60 37
1303 48 50
1304 47 15
1305 44 40
1306 58 18
1307 51 10
1308 41 41
1309 52 13
1310 45 0
1311 56 22
1312 58 27
1313 53 25
1314 53 14
1315 45 41
1316 59 21
1317 52 36
1318 58 2
1319 42 23
1320 43 18
1321 55 2
1322 65 26
1323 68 9
1324 50 37
1325 58 19
1326 55 29
1327 45 7
1328 53 12
1329 50 30
1330 56 18
1331 53 44
1332 41 2
1333 44 44
1334 60 39
1335 45 12
1336 51 46
1337 41 18
1338 64 14
1339 54 23
1340 51 4
1341 59 1
1342 57 25
1343 44 34
1344 67 2
1345 68 14
1346 63 0
1347 61 16
1348 58 38
1349 50 37
1350 54 36
1351 66 12
1352 69 45
1353 70 27
1354 43 15
1355 50 49
1356 49 50
1357 59 11
1358 65 40
1359 60 23
1360 48 26
1361 52 15
1362 51 30
1363 50 13
1364 46 13
1365 51 11
1366 67 1
1367 66 38
1368 54 31
1369 60 14
1370 47 38
1371 51 16
1372 47 6
1373 61 17
1374 62 24
1375 69 29
1376 40 23
1377 59 33
1378 67 33
1379 59 48
1380 61 10
1381 54 10
1382 57 25
1383 43 30
1384 67 47
1385 67 29
1386 60 18
1387 52 47
1388 65 48
1389 49 30
1390 65 24
1391 59 32
1392 42 6
1393 55 13
1394 56 30
1395 56 3
1396 40 33
1397 49 7
1398 51 15
1399 46 40
1400 50 21
1401 65 30
1402 42 0
1403 53 44
1404 44 18
1405 69 28
1406 67 1
1407 41 38
1408 57 8
1409 44 25
1410 50 14
1411 41 4
1412 54 38
1413 40 14
1414 70 12
1415 51 40
1416 60 41
1417 55 42
1418 64 33
1419 65 44
1420 53 37
1421 60 49
1422 53 39
1423 65 7
1424 63 8
1425 69 9
1426 55 4
1427 49 38
1428 62 11
1429 48 10
1430 51 24
1431 54 2
1432 60 21
1433 42 21
1434 46 14
1435 66 8
1436 40 12
1437 58 1
1438 42 19
1439 68 47
1440 57 19
1441 56 0
1442 60 27
1443 49 36
1444 44 46
1445 47 2
1446 46 36
1447 52 35
1448 58 34
1449 65 0
1450 57 9
1451 69 25
1452 41 25
1453 41 39
1454 58 8
1455 41 7
1456 52 23
1457 70 41
1458 47 41
1459 40 6
1460 57 21
1461 40 1
1462 66 30
1463 67 50
1464 68 32
1465 63 28
1466 47 27
1467 67 27
1468 67 40
1469 42 45
1470 40 40
1471 49 28
1472 70 10
1473 70 34
1474 56 13
1475 52 9
1476 52 0
1477 53 46
1478 65 46
1479 49 15
1480 45 28
1481 66 20
1482 62 4
1483 52 6
1484 56 10
1485 59 0
1486 70 23
1487 62 45
1488 60 25
1489 47 46
1490 54 14
1491 45 29
1492 45 50
1493 41 25
1494 40 30
1495 40 9
1496 54 6
1497 56 33
1498 63 39
1499 57 37
1500 45 4
1501 43 33
1502 65 39
1503 60 33
1504 69 3
1505 68 25
1506 65 43
1507 45 41
1508 43 49
1509 70 32
1510 54 26
1511 44 45
1512 56 26
1513 57 40
1514 68 9
1515 60 5
1516 44 48
1517 69 9
1518 67 33
1519 46 40
1520 65 36
1521 41 12
1522 46 8
1523 54 6
1524 57 22
1525 64 32
1526 64 49
1527 62 1
1528 62 22
1529 59 42
1530 60 28
1531 59 24
1532 47 29
1533 54 6
1534 57 36
1535 62 9
1536 70 2
1537 46 11
1538 46 21
1539 43 14
1540 43 0
1541 50 45
1542 61 4
1543 59 32
1544 49 46
1545 58 28
1546 62 6
1547 60 39
1548 59 23
1549 61 37
1550 62 4
1551 48 27
1552 44 50
1553 45 24
1554 70 45
1555 49 43
1556 57 47
1557 68 3
1558 47 26
1559 53 39
1560 63 16
1561 51 35
1562 44 47
1563 69 5
1564 58 25
1565 57 46
1566 58 40
1567 42 40
1568 69 36
1569 48 19
1570 62 28
1571 65 31
1572 55 32
1573 66 9
1574 47 41
1575 41 7
1576 49 40
1577 45 44
1578 69 41
1579 46 22
1580 43 43
1581 54 3
1582 45 37
1583 68 37
1584 51 32
1585 68 19
1586 67 25
1587 69 43
1588 61 47
1589 50 24
1590 44 46
1591 59 41
1592 51 17
1593 47 48
1594 67 40
1595 69 47
1596 47 2
1597 49 19
1598 56 46
1599 49 41
1600 67 44
1601 65 32
1602 67 25
1603 47 30
1604 48 8
1605 63 40
1606 57 17
1607 52 35
1608 64 43
1609 49 35
1610 61 15
1611 58 44
1612 44 35
1613 55 14
1614 57 22
1615 40 44
1616 43 19
1617 53 4
1618 51 15
1619 59 25
1620 64 31
1621 70 14
1622 68 44
1623 61 12
1624 46 29
1625 59 49
1626 50 22
1627 52 43
1628 45 38
1629 42 27
1630 56 50
1631 40 41
1632 66 21
1633 49 42
1634 45 25
1635 60 26
1636 46 38
1637 65 44
1638 58 33
1639 48 42
1640 42 43
1641 57 29
1642 61 1
1643 66 30
1644 53 33
1645 65 48
1646 46 19
1647 63 48
1648 55 42
1649 52 35
1650 57 50
1651 53 49
1652 48 50
1653 66 41
1654 44 0
1655 68 19
1656 69 41
1657 46 18
1658 55 29
1659 66 16
1660 63 43
1661 63 15
1662 41 48
1663 70 22
1664 41 47
1665 48 48
1666 50 45
1667 62 41
1668 54 12
1669 55 49
1670 55 33
1671 60 25
1672 67 48
1673 67 48
1674 62 4
1675 64 26
1676 67 28
1677 42 23
1678 60 12
1679 46 3
1680 56 45
1681 40 17
1682 40 2
1683 55 33
1684 68 48
1685 67 31
1686 53 17
1687 60 32
1688 56 42
1689 54 13
1690 58 23
1691 46 28
1692 46 22
1693 57 10
1694 52 46
1695 67 18
1696 65 42
1697 66 29
1698 57 4
1699 49 13
1700 54 42
1701 47 14
1702 60 15
1703 57 13
1704 45 15
1705 67 42
1706 56 47
1707 53 10
1708 64 6
1709 48 26
1710 40 48
1711 61 28
1712 63 22
1713 59 6
1714 56 11
1715 55 45
1716 45 8
1717 47 8
1718 40 37
1719 64 6
1720 56 42
1721 63 36
1722 67 50
1723 56 18
1724 44 14
1725 68 9
1726 60 15
1727 51 29
1728 61 11
1729 67 28
1730 60 23
1731 42 38
1732 68 35
1733 49 7
1734 57 8
1735 62 17
1736 63 22
1737 45 7
1738 50 14
1739 44 4
1740 61 28
1741 42 40
1742 46 1
1743 66 2
1744 62 20
1745 56 9
1746 68 6
1747 55 30
1748 60 15
1749 67 44
1750 68 25
1751 54 16
1752 60 33
1753 44 27
1754 44 3
1755 60 22
1756 45 27
1757 42 12
1758 48 9
1759 70 16
1760 48 46
1761 64 45
1762 43 29
1763 46 18
1764 64 44
1765 61 6
1766 56 21
1767 47 4
1768 51 7
1769 62 50
1770 68 40
1771 44 35
1772 58 22
1773 54 22
1774 59 28
1775 48 41
1776 64 30
1777 56 25
1778 64 20
1779 65 8
1780 64 12
1781 46 30
1782 66 12
1783 62 42
1784 44 34
1785 49 49
1786 52 39
1787 48 46
1788 55 19
1789 68 46
1790 61 37
1791 53 42
1792 41 44
1793 49 14
1794 53 34
1795 63 32
1796 64 13
1797 42 31
1798 57 8
1799 45 22
1800 69 8
1801 67 9
1802 65 34
1803 40 32
1804 63 20
1805 57 17
1806 48 39
1807 45 43
1808 68 14
1809 69 4
1810 58 7
1811 54 27
1812 51 35
1813 60 7
1814 41 39
1815 43 21
1816 56 1
1817 68 48
1818 54 47
1819 40 42
1820 60 19
1821 66 38
1822 64 29
1823 40 18
1824 69 10
1825 68 33
1826 46 18
1827 64 47
1828 70 28
1829 58 36
1830 69 48
1831 63 39
1832 57 40
1833 43 29
1834 53 1
1835 48 31
1836 51 5
1837 70 23
1838 64 6
1839 41 17
1840 44 1
1841 48 1
1842 58 23
1843 40 0
1844 68 1
1845 59 39
1846 40 4
1847 44 13
1848 55 2
1849 52 2
1850 41 47
1851 59 16
1852 55 3
1853 51 19
1854 49 47
1855 43 46
1856 70 3
1857 49 27
1858 59 22
1859 69 19
1860 67 27
1861 60 37
1862 45 22
1863 59 44
1864 50 11
1865 43 33
1866 62 39
1867 63 28
1868 43 50
1869 68 37
1870 46 0
1871 65 31
1872 63 43
1873 57 3
1874 49 5
1875 41 42
1876 68 42
1877 62 46
1878 51 24
1879 56 3
1880 63 8
1881 66 19
1882 69 41
1883 44 3
1884 47 4
1885 58 23
1886 51 40
1887 52 37
1888 70 41
1889 41 21
1890 43 2
1891 53 45
1892 44 35
1893 40 23
1894 42 45
1895 64 39
1896 62 48
1897 55 2
1898 59 19
1899 45 7
1900 57 2
1901 52 13
1902 64 32
1903 63 42
1904 43 14
1905 56 7
1906 62 35
1907 49 43
1908 48 37
1909 42 7
1910 46 22
1911 50 4
1912 47 42
1913 48 4
1914 58 11
1915 48 35
1916 62 14
1917 59 50
1918 50 0
1919 51 35
1920 46 27
1921 70 38
1922 53 48
1923 59 31
1924 48 5
1925 45 46
1926 58 3
1927 51 11
1928 64 16
1929 41 34
1930 46 28
1931 62 44
1932 47 42
1933 49 16
1934 42 23
1935 61 26
1936 55 1
1937 41 47
1938 42 41
1939 40 48
1940 70 50
1941 70 27
1942 61 48
1943 48 49
1944 64 4
1945 61 33
1946 44 18
1947 45 6
1948 52 17
1949 70 33
1950 57 21
1951 48 8
1952 57 33
1953 67 45
1954 58 14
1955 57 24
1956 53 46
1957 62 19
1958 68 14
1959 49 21
1960 40 50
1961 60 16
1962 58 43
1963 48 41
1964 64 48
1965 60 26
1966 53 0
1967 45 20
1968 50 10
1969 46 32
1970 45 43
1971 48 27
1972 43 11
1973 65 23
1974 60 8
1975 60 12
1976 44 21
1977 65 41
1978 47 2
1979 55 25
1980 42 44
1981 61 9
1982 51 23
1983 53 40
1984 43 7
1985 55 47
1986 45 29
1987 67 33
1988 59 48
1989 58 50
1990 55 5
1991 70 0
1992 60 24
1993 59 5
1994 43 23
1995 47 11
1996 70 12
1997 51 22
1998 41 33
1999 51 20
