1 43 25
2 44 30
3 60 12
4 65 41
5 49 42
6 40 43
7 49 40
8 70 42
9 58 13
10 47 33
11 41 42
12 51 6
13 49 20
14 65 21
15 66 41
16 70 25
17 57 27
18 60 25
19 47 15
20 57 22
21 59 23
22 64 29
23 62 32
24 48 2
25 49 6
26 64 50
27 62 37
28 57 37
29 57 45
30 69 47
31 60 9
32 54 18
33 66 31
34 57 24
35 45 49
36 44 26
37 50 31
38 68 23
39 43 14
40 58 22
41 56 8
42 50 45
43 42 29
44 46 0
45 62 19
46 67 31
47 47 10
48 55 5
49 66 45
50 50 33
51 68 15
52 54 18
53 70 9
54 47 22
55 41 39
56 67 44
57 70 27
58 46 23
59 69 49
60 44 33
61 46 9
62 65 3
63 47 43
64 54 6
65 54 34
66 60 32
67 41 8
68 70 23
69 60 8
70 45 19
71 51 15
72 46 3
73 45 19
74 49 43
75 69 41
76 70 22
77 51 29
78 48 49
79 63 26
80 67 36
81 50 16
82 42 34
83 44 15
84 45 30
85 62 22
86 48 31
87 49 11
88 47 19
89 47 19
90 49 46
91 54 3
92 49 38
93 52 44
94 63 7
95 61 13
96 59 26
97 60 21
98 70 50
99 58 14
100 69 41
101 57 19
102 58 40
103 51 25
104 52 46
105 66 34
106 42 27
107 59 4
108 50 32
109 67 32
110 49 21
111 63 8
112 61 25
113 68 35
114 64 33
115 47 12
116 61 31
117 59 10
118 50 6
119 44 25
120 52 30
121 62 16
122 40 38
123 51 25
124 56 4
125 63 44
126 53 10
127 45 19
128 50 28
129 66 2
130 49 22
131 44 14
132 52 37
133 47 24
134 59 14
135 65 39
136 54 9
137 69 47
138 53 40
139 62 23
140 47 19
141 66 33
142 68 6
143 57 3
144 47 6
145 62 46
146 54 21
147 47 38
148 70 5
149 68 2
150 45 25
151 67 15
152 51 29
153 58 11
154 61 46
155 70 0
156 52 29
157 60 48
158 66 42
159 69 6
160 55 37
161 40 6
162 58 48
163 48 34
164 64 31
165 40 14
166 55 36
167 40 35
168 49 7
169 69 22
170 61 28
171 42 16
172 68 42
173 47 23
174 42 46
175 43 32
176 55 0
177 57 4
178 70 48
179 50 43
180 56 5
181 66 0
182 54 27
183 67 10
184 65 30
185 49 10
186 47 30
187 66 23
188 56 38
189 63 29
190 48 42
191 66 16
192 63 20
193 49 48
194 63 47
195 54 29
196 69 29
197 51 8
198 67 2
199 46 34
