1 65 44
2 42 11
3 50 15
4 63 37
5 66 30
6 53 39
7 55 7
8 42 29
9 44 19
10 61 2
11 48 44
12 58 39
13 68 46
14 46 16
15 69 0
16 48 12
17 51 16
18 49 31
19 67 25
20 66 11
21 50 28
22 47 7
23 70 39
24 68 1
25 46 7
26 65 27
27 59 18
28 40 16
29 56 33
30 42 15
31 62 47
32 51 19
33 65 24
34 49 18
35 66 15
36 45 40
37 40 0
38 55 47
39 42 2
40 41 6
41 65 19
42 70 1
43 42 18
44 63 7
45 51 41
46 58 49
47 48 29
48 60 19
49 60 48
50 67 30
51 51 9
52 47 16
53 60 1
54 68 39
55 60 3
56 51 3
57 65 43
58 46 34
59 49 48
60 68 49
61 58 41
62 55 34
63 59 49
64 54 35
65 48 8
66 54 45
67 66 2
68 47 14
69 53 17
70 59 38
71 58 0
72 58 5
73 59 19
74 44 45
75 43 37
76 54 18
77 66 21
78 68 14
79 67 48
80 40 7
81 62 0
82 62 6
83 61 1
84 54 25
85 47 5
86 49 34
87 63 0
88 69 20
89 60 29
90 53 40
91 52 28
92 47 15
93 61 22
94 41 50
95 53 37
96 52 5
97 68 0
98 54 31
99 54 25
100 62 25
101 50 44
102 49 19
103 60 18
104 58 14
105 66 38
106 62 30
107 51 27
108 45 42
109 62 21
110 44 36
111 68 29
112 64 13
113 53 27
114 59 2
115 70 42
116 47 37
117 70 34
118 68 40
119 68 2
120 65 39
121 42 0
122 59 50
123 47 24
124 69 13
125 48 50
126 42 14
127 69 27
128 46 18
129 54 45
130 61 41
131 63 10
132 55 8
133 42 31
134 47 17
135 48 43
136 56 13
137 48 35
138 65 18
139 70 47
140 47 25
141 52 36
142 46 44
143 68 5
144 56 29
145 46 26
146 66 12
147 48 10
148 57 2
149 59 46
150 49 25
151 41 8
152 69 29
153 41 48
154 51 29
155 67 49
156 42 21
157 54 28
158 43 21
159 41 16
160 56 39
161 49 14
162 50 15
163 60 0
164 62 7
165 57 36
166 41 37
167 43 2
168 46 23
169 56 36
170 45 46
171 58 12
172 56 11
173 62 17
174 57 13
175 63 37
176 49 5
177 66 36
178 55 28
179 64 42
180 52 47
181 45 46
182 50 28
183 49 17
184 40 7
185 40 50
186 64 32
187 70 46
188 45 34
189 43 10
190 41 8
191 60 5
192 59 50
193 59 32
194 61 23
195 67 50
196 42 41
197 44 3
198 63 2
199 58 29
200 69 37
201 43 41
202 58 46
203 51 20
204 67 46
205 51 16
206 40 45
207 54 13
208 43 49
209 69 8
210 44 37
211 66 7
212 65 48
213 46 39
214 61 21
215 40 10
216 56 41
217 68 47
218 54 47
219 56 14
220 41 48
221 60 17
222 49 9
223 66 20
224 69 43
225 40 32
226 63 16
227 55 20
228 42 11
229 63 5
230 49 32
231 57 6
232 61 24
233 62 11
234 65 23
235 58 36
236 55 36
237 57 29
238 49 33
239 45 13
240 53 8
241 68 0
242 56 30
243 49 13
244 64 37
245 43 17
246 58 42
247 57 42
248 43 43
249 59 33
250 40 35
251 57 7
252 44 24
253 55 37
254 68 1
255 57 36
256 48 49
257 61 49
258 56 46
259 45 25
260 55 34
261 53 6
262 61 40
263 57 5
264 66 0
265 63 2
266 40 9
267 58 45
268 40 49
269 63 25
270 51 37
271 61 45
272 46 23
273 60 47
274 55 47
275 69 17
276 60 1
277 60 13
278 42 50
279 43 6
280 70 42
281 59 35
282 60 2
283 63 25
284 47 6
285 59 20
286 57 34
287 57 36
288 68 39
289 58 22
290 64 36
291 40 39
292 54 40
293 56 21
294 45 9
295 62 47
296 69 24
297 63 16
298 61 36
299 59 30
300 53 29
301 49 12
302 64 42
303 41 44
304 44 20
305 66 1
306 59 41
307 43 2
308 41 15
309 64 10
310 66 37
311 46 48
312 44 36
313 44 5
314 68 28
315 68 41
316 45 31
317 66 48
318 62 0
319 56 36
320 59 35
321 42 44
322 61 2
323 63 47
324 41 28
325 50 9
326 41 28
327 60 17
328 45 14
329 48 10
330 59 31
331 65 3
332 50 14
333 52 37
334 58 36
335 52 17
336 47 19
337 68 24
338 64 13
339 41 33
340 40 2
341 44 7
342 55 20
343 67 33
344 47 6
345 63 19
346 43 13
347 52 37
348 67 34
349 55 49
350 62 44
351 68 42
352 69 44
353 43 6
354 67 0
355 53 24
356 51 32
357 41 7
358 69 2
359 56 3
360 41 33
361 49 32
362 61 40
363 63 37
364 41 24
365 58 7
366 65 35
367 61 1
368 67 28
369 64 50
370 44 29
371 53 13
372 66 16
373 60 40
374 43 1
375 52 17
376 43 30
377 41 24
378 51 26
379 53 28
380 48 36
381 61 6
382 49 36
383 57 50
384 60 50
385 61 41
386 45 0
387 40 47
388 58 25
389 51 16
390 50 11
391 55 1
392 50 46
393 61 2
394 66 11
395 51 13
396 49 31
397 65 46
398 45 43
399 41 22
400 61 22
401 48 19
402 51 35
403 51 24
404 70 6
405 54 13
406 55 6
407 64 21
408 52 26
409 54 43
410 51 41
411 51 19
412 50 2
413 58 43
414 47 23
415 50 2
416 70 10
417 64 37
418 41 42
419 66 40
420 50 18
421 64 42
422 61 5
423 48 8
424 64 40
425 52 41
426 45 0
427 47 43
428 41 44
429 41 18
430 40 49
431 47 32
432 58 13
433 57 8
434 55 40
435 49 34
436 41 14
437 70 35
438 59 26
439 63 46
440 58 7
441 44 5
442 52 23
443 67 1
444 70 16
445 59 22
446 59 5
447 45 6
448 68 28
449 40 3
450 45 4
451 61 10
452 40 32
453 65 6
454 45 8
455 49 33
456 53 11
457 44 28
458 66 19
459 43 43
460 50 49
461 54 45
462 63 49
463 52 31
464 48 43
465 70 50
466 41 14
467 42 49
468 47 35
469 64 42
470 43 45
471 50 14
472 60 18
473 55 25
474 48 18
475 51 11
476 50 7
477 51 38
478 64 5
479 67 15
480 69 26
481 50 44
482 59 43
483 68 14
484 49 18
485 62 2
486 69 30
487 43 18
488 68 6
489 54 26
490 47 50
491 60 15
492 67 41
493 66 22
494 65 6
495 69 15
496 65 45
497 68 10
498 60 3
499 44 30
500 52 36
501 62 9
502 42 27
503 46 11
504 65 45
505 49 12
506 64 46
507 52 39
508 42 2
509 44 31
510 66 40
511 68 11
512 43 22
513 65 19
514 70 5
515 68 5
516 47 16
517 56 0
518 42 13
519 54 18
520 68 14
521 43 27
522 61 19
523 58 10
524 60 46
525 58 38
526 62 32
527 57 7
528 65 41
529 63 4
530 65 28
531 53 21
532 53 16
533 45 0
534 43 12
535 59 35
536 68 34
537 41 30
538 46 42
539 51 9
540 55 8
541 54 49
542 57 28
543 46 42
544 63 45
545 62 45
546 41 15
547 57 10
548 62 45
549 70 19
550 70 33
551 66 13
552 48 18
553 67 13
554 40 23
555 56 16
556 56 1
557 43 39
558 47 39
559 70 23
560 58 20
561 61 4
562 69 18
563 60 13
564 47 3
565 66 37
566 69 48
567 53 28
568 40 17
569 43 18
570 61 37
571 55 17
572 48 31
573 62 23
574 61 50
575 64 16
576 44 6
577 64 34
578 49 48
579 59 15
580 56 4
581 59 27
582 58 24
583 70 20
584 55 46
585 68 48
586 58 15
587 50 49
588 68 44
589 67 35
590 56 22
591 61 42
592 67 43
593 44 5
594 48 12
595 67 27
596 56 8
597 65 35
598 40 6
599 55 46
600 60 49
601 60 40
602 65 41
603 58 29
604 47 25
605 54 34
606 47 13
607 60 33
608 68 25
609 51 7
610 46 15
611 69 44
612 55 14
613 65 11
614 66 48
615 70 10
616 70 41
617 42 49
618 44 4
619 55 22
620 44 24
621 40 9
622 44 13
623 46 25
624 43 29
625 43 5
626 52 50
627 59 2
628 45 16
629 43 5
630 61 39
631 67 39
632 49 25
633 47 12
634 51 33
635 70 27
636 62 38
637 46 47
638 41 24
639 57 16
640 54 40
641 67 39
642 51 3
643 63 17
644 59 29
645 51 15
646 59 28
647 54 49
648 47 2
649 51 5
650 49 15
651 46 7
652 46 46
653 64 45
654 62 29
655 42 8
656 46 11
657 61 0
658 63 18
659 56 40
660 51 16
661 69 17
662 41 26
663 45 33
664 56 2
665 41 13
666 67 41
667 61 25
668 65 9
669 40 40
670 64 19
671 69 21
672 45 19
673 67 24
674 45 39
675 69 47
676 49 18
677 64 1
678 65 24
679 40 36
680 56 24
681 47 42
682 60 29
683 46 35
684 53 5
685 57 26
686 66 46
687 54 19
688 56 48
689 70 43
690 55 34
691 55 0
692 65 34
693 69 2
694 53 34
695 55 38
696 67 50
697 58 32
698 69 1
699 43 47
700 62 25
701 43 30
702 45 38
703 49 3
704 62 23
705 57 37
706 58 21
707 41 26
708 66 49
709 67 36
710 60 26
711 53 23
712 47 42
713 50 12
714 48 9
715 45 19
716 67 11
717 60 43
718 63 1
719 44 4
720 51 38
721 70 28
722 50 29
723 43 11
724 49 32
725 44 38
726 44 47
727 48 6
728 43 23
729 66 44
730 54 14
731 57 49
732 51 20
733 46 24
734 63 13
735 59 45
736 54 8
737 47 33
738 67 18
739 52 33
740 57 1
741 44 33
742 46 45
743 41 38
744 56 2
745 69 42
746 56 9
747 61 43
748 43 5
749 46 7
750 44 19
751 55 23
752 56 20
753 57 30
754 51 32
755 69 43
756 47 23
757 44 31
758 70 33
759 42 29
760 55 41
761 45 41
762 65 31
763 64 17
764 58 50
765 45 40
766 45 33
767 58 2
768 48 50
769 57 21
770 44 42
771 58 22
772 49 15
773 44 49
774 42 3
775 52 37
776 43 43
777 60 2
778 49 1
779 54 8
780 50 5
781 54 42
782 57 32
783 50 13
784 67 44
785 45 12
786 53 14
787 70 3
788 59 10
789 55 22
790 68 46
791 42 18
792 43 14
793 58 47
794 65 42
795 42 32
796 59 12
797 50 43
798 58 8
799 67 26
800 48 1
801 45 9
802 67 49
803 70 35
804 41 3
805 56 11
806 54 36
807 65 15
808 48 47
809 43 32
810 61 6
811 61 26
812 61 26
813 68 1
814 62 14
815 67 3
816 64 21
817 53 26
818 49 26
819 41 42
820 54 8
821 61 40
822 42 37
823 45 38
824 50 8
825 41 19
826 67 38
827 50 24
828 61 36
829 57 12
830 43 26
831 42 36
832 63 42
833 57 41
834 67 27
835 51 23
836 49 8
837 54 43
838 67 1
839 46 25
840 46 38
841 67 46
842 48 2
843 58 5
844 43 7
845 55 40
846 53 48
847 56 27
848 51 1
849 66 9
850 49 23
851 68 17
852 50 21
853 61 23
854 67 23
855 47 25
856 66 34
857 69 23
858 69 4
859 48 19
860 54 42
861 50 34
862 60 33
863 46 4
864 66 10
865 47 26
866 44 40
867 42 50
868 55 6
869 48 27
870 51 44
871 67 4
872 57 35
873 69 32
874 55 28
875 41 0
876 60 36
877 44 30
878 66 7
879 68 27
880 47 4
881 57 6
882 44 19
883 42 29
884 57 33
885 68 7
886 52 32
887 51 3
888 65 18
889 60 6
890 59 37
891 41 40
892 54 1
893 49 18
894 62 31
895 40 21
896 66 3
897 67 4
898 41 32
899 51 5
900 45 45
901 59 23
902 42 5
903 62 48
904 65 32
905 64 31
906 55 7
907 61 27
908 57 2
909 42 24
910 40 27
911 57 18
912 58 45
913 40 28
914 50 18
915 70 19
916 48 41
917 68 15
918 55 38
919 65 13
920 61 39
921 67 0
922 48 32
923 44 12
924 58 2
925 41 31
926 49 9
927 50 37
928 64 43
929 61 28
930 41 2
931 49 19
932 64 11
933 65 31
934 42 43
935 44 45
936 64 6
937 64 25
938 44 40
939 52 22
940 43 49
941 56 44
942 47 29
943 54 21
944 68 15
945 68 6
946 46 33
947 62 7
948 45 38
949 50 27
950 68 15
951 42 25
952 68 6
953 69 38
954 60 2
955 43 7
956 62 45
957 69 40
958 55 8
959 47 4
960 62 9
961 45 20
962 57 2
963 60 8
964 70 12
965 41 39
966 42 45
967 44 41
968 43 30
969 68 3
970 57 50
971 62 24
972 44 27
973 69 22
974 69 24
975 46 14
976 49 41
977 49 21
978 54 13
979 59 22
980 45 48
981 42 41
982 50 3
983 49 27
984 59 44
985 67 0
986 60 4
987 48 39
988 55 31
989 61 27
990 62 4
991 56 4
992 51 7
993 60 14
994 59 43
995 40 7
996 54 39
997 51 49
998 66 21
999 65 12
1000 56 8
