4001 40 43
4002 48 35
4003 46 29
4004 41 15
4005 61 12
4006 42 31
4007 66 20
4008 62 10
4009 50 23
4010 45 34
4011 63 33
4012 66 37
4013 46 43
4014 60 39
4015 40 10
4016 44 10
4017 69 22
4018 48 2
4019 70 17
4020 65 2
4021 70 31
4022 46 23
4023 52 43
4024 59 45
4025 44 47
4026 64 35
4027 47 28
4028 51 12
4029 70 24
4030 56 27
4031 57 10
4032 41 39
4033 60 19
4034 54 0
4035 67 14
4036 49 43
4037 66 8
4038 52 6
4039 51 13
4040 51 31
4041 56 14
4042 45 31
4043 46 37
4044 60 7
4045 63 31
4046 55 32
4047 51 4
4048 48 31
4049 59 50
4050 44 13
4051 53 3
4052 46 29
4053 53 50
4054 63 24
4055 57 14
4056 40 7
4057 64 15
4058 42 3
4059 58 15
4060 49 38
4061 60 13
4062 50 10
4063 42 28
4064 69 16
4065 64 50
4066 51 3
4067 46 28
4068 46 11
4069 50 35
4070 63 33
4071 66 7
4072 64 9
4073 70 26
4074 49 21
4075 62 12
4076 60 7
4077 62 46
4078 54 37
4079 47 26
4080 65 12
4081 55 34
4082 47 41
4083 48 9
4084 68 1
4085 64 45
4086 42 28
4087 47 44
4088 42 43
4089 65 8
4090 50 35
4091 59 46
4092 56 0
4093 42 27
4094 64 32
4095 41 44
4096 57 27
4097 47 47
4098 62 41
4099 70 40
4100 68 20
4101 44 7
4102 62 28
4103 70 6
4104 47 5
4105 70 4
4106 46 13
4107 40 28
4108 56 5
4109 69 8
4110 58 34
4111 43 11
4112 69 47
4113 47 19
4114 61 13
4115 62 19
4116 60 39
4117 56 11
4118 61 8
4119 49 37
4120 68 8
4121 52 4
4122 54 11
4123 65 6
4124 55 17
4125 44 43
4126 69 31
4127 54 41
4128 68 5
4129 48 17
4130 43 13
4131 50 5
4132 46 2
4133 69 46
4134 44 3
4135 55 2
4136 57 21
4137 50 31
4138 43 39
4139 70 39
4140 60 19
4141 58 9
4142 47 50
4143 49 11
4144 44 3
4145 44 37
4146 51 43
4147 63 40
4148 69 26
4149 44 15
4150 61 22
4151 56 1
4152 49 14
4153 64 8
4154 46 32
4155 55 34
4156 66 15
4157 43 1
4158 51 17
4159 56 12
4160 52 41
4161 70 48
4162 65 37
4163 62 13
4164 44 4
4165 52 50
4166 45 24
4167 50 18
4168 53 39
4169 41 19
4170 63 15
4171 66 37
4172 58 11
4173 51 41
4174 49 15
4175 60 30
4176 57 49
4177 65 23
4178 63 28
4179 64 40
4180 50 47
4181 55 29
4182 58 21
4183 55 9
4184 47 37
4185 45 38
4186 50 44
4187 60 29
4188 43 25
4189 65 26
4190 67 46
4191 53 12
4192 60 50
4193 66 26
4194 59 45
4195 46 10
4196 60 40
4197 62 26
4198 66 22
4199 65 32
4200 56 0
4201 61 8
4202 47 0
4203 50 18
4204 48 15
4205 42 23
4206 56 43
4207 59 30
4208 67 18
4209 52 29
4210 40 49
4211 52 29
4212 64 14
4213 67 39
4214 58 39
4215 46 47
4216 64 13
4217 44 49
4218 69 21
4219 43 13
4220 44 35
4221 49 40
4222 44 40
4223 56 20
4224 61 1
4225 66 7
4226 50 8
4227 40 30
4228 42 48
4229 64 32
4230 69 42
4231 66 43
4232 65 31
4233 55 14
4234 60 28
4235 70 32
4236 59 38
4237 51 2
4238 61 15
4239 55 41
4240 45 19
4241 58 17
4242 64 24
4243 53 26
4244 42 18
4245 42 44
4246 63 43
4247 49 11
4248 59 50
4249 47 20
4250 43 34
4251 54 0
4252 53 0
4253 57 38
4254 55 28
4255 59 3
4256 50 24
4257 58 35
4258 43 50
4259 66 17
4260 69 24
4261 56 34
4262 48 24
4263 43 2
4264 53 43
4265 53 42
4266 66 43
4267 59 14
4268 41 30
4269 46 16
4270 51 14
4271 58 2
4272 45 23
4273 46 6
4274 40 16
4275 66 26
4276 41 8
4277 41 17
4278 53 13
4279 65 6
4280 62 36
4281 52 9
4282 40 43
4283 59 49
4284 61 38
4285 61 7
4286 44 37
4287 56 6
4288 66 36
4289 56 8
4290 57 31
4291 47 15
4292 57 12
4293 41 10
4294 44 45
4295 69 41
4296 58 14
4297 66 33
4298 48 40
4299 68 41
4300 67 32
4301 61 25
4302 66 44
4303 68 7
4304 68 49
4305 60 34
4306 50 40
4307 70 47
4308 70 40
4309 47 42
4310 48 32
4311 51 50
4312 55 45
4313 52 19
4314 50 35
4315 50 21
4316 46 45
4317 46 39
4318 69 35
4319 47 22
4320 60 35
4321 69 32
4322 67 5
4323 68 35
4324 70 29
4325 54 11
4326 65 5
4327 60 25
4328 63 16
4329 57 47
4330 54 50
4331 50 7
4332 63 35
4333 58 22
4334 64 8
4335 62 49
4336 60 48
4337 44 17
4338 67 20
4339 57 9
4340 68 21
4341 50 0
4342 62 14
4343 62 44
4344 50 26
4345 70 35
4346 43 19
4347 57 17
4348 68 49
4349 46 49
4350 57 31
4351 42 25
4352 46 13
4353 50 16
4354 57 0
4355 68 41
4356 49 34
4357 69 6
4358 59 41
4359 60 30
4360 52 38
4361 62 30
4362 47 19
4363 67 4
4364 50 5
4365 69 23
4366 46 24
4367 57 0
4368 41 33
4369 57 26
4370 47 13
4371 50 45
4372 65 48
4373 64 40
4374 56 17
4375 49 33
4376 46 1
4377 64 2
4378 49 34
4379 48 28
4380 57 17
4381 47 44
4382 59 28
4383 50 6
4384 46 36
4385 61 44
4386 61 23
4387 68 23
4388 60 1
4389 60 22
4390 70 12
4391 58 42
4392 49 25
4393 70 24
4394 53 25
4395 61 42
4396 65 49
4397 45 8
4398 41 37
4399 68 19
4400 69 14
4401 55 10
4402 45 18
4403 43 39
4404 64 47
4405 69 41
4406 48 13
4407 59 17
4408 42 18
4409 65 24
4410 70 26
4411 52 12
4412 67 25
4413 53 19
4414 67 19
4415 50 42
4416 42 39
4417 44 50
4418 47 39
4419 47 11
4420 42 20
4421 43 23
4422 70 25
4423 63 43
4424 45 18
4425 67 14
4426 58 26
4427 69 47
4428 53 35
4429 58 10
4430 57 8
4431 43 3
4432 40 31
4433 63 10
4434 68 7
4435 63 38
4436 46 50
4437 62 3
4438 46 5
4439 41 3
4440 68 14
4441 62 24
4442 49 27
4443 58 31
4444 49 44
4445 70 15
4446 49 45
4447 51 18
4448 61 23
4449 43 33
4450 46 28
4451 52 35
4452 54 46
4453 69 50
4454 46 43
4455 51 42
4456 41 43
4457 56 31
4458 63 33
4459 68 30
4460 45 14
4461 66 17
4462 42 6
4463 51 39
4464 56 47
4465 48 5
4466 57 7
4467 69 35
4468 56 25
4469 62 30
4470 42 26
4471 45 2
4472 62 46
4473 45 4
4474 42 39
4475 53 35
4476 47 40
4477 68 46
4478 49 34
4479 41 26
4480 46 37
4481 57 49
4482 70 0
4483 50 2
4484 60 25
4485 58 40
4486 67 38
4487 62 18
4488 45 5
4489 43 44
4490 68 12
4491 49 15
4492 70 16
4493 46 42
4494 47 23
4495 56 37
4496 47 25
4497 58 19
4498 48 27
4499 63 25
4500 56 6
4501 47 12
4502 53 36
4503 46 14
4504 69 28
4505 63 27
4506 62 21
4507 66 14
4508 51 44
4509 62 46
4510 70 15
4511 64 24
4512 55 3
4513 62 39
4514 59 1
4515 52 5
4516 62 3
4517 63 11
4518 68 47
4519 62 14
4520 67 13
4521 67 0
4522 49 42
4523 56 33
4524 51 38
4525 70 11
4526 48 45
4527 62 28
4528 58 38
4529 49 0
4530 47 13
4531 46 27
4532 52 25
4533 66 12
4534 44 28
4535 42 33
4536 50 44
4537 64 28
4538 60 18
4539 68 17
4540 57 22
4541 70 3
4542 64 4
4543 44 22
4544 43 0
4545 63 29
4546 47 22
4547 68 26
4548 54 34
4549 69 23
4550 57 2
4551 68 35
4552 57 41
4553 50 1
4554 59 37
4555 42 41
4556 70 40
4557 44 25
4558 68 2
4559 55 11
4560 68 17
4561 58 4
4562 59 29
4563 42 17
4564 62 16
4565 68 25
4566 49 5
4567 41 31
4568 65 42
4569 59 48
4570 46 6
4571 44 27
4572 55 45
4573 62 4
4574 40 36
4575 56 22
4576 64 43
4577 70 5
4578 62 46
4579 62 50
4580 60 46
4581 66 49
4582 47 7
4583 57 49
4584 41 18
4585 55 12
4586 65 26
4587 64 44
4588 59 19
4589 49 8
4590 41 18
4591 51 9
4592 63 38
4593 43 6
4594 41 8
4595 41 24
4596 56 22
4597 46 7
4598 51 41
4599 63 25
4600 69 28
4601 50 42
4602 46 22
4603 67 20
4604 43 36
4605 58 8
4606 68 16
4607 52 10
4608 46 10
4609 67 11
4610 63 44
4611 40 22
4612 58 1
4613 68 15
4614 64 2
4615 60 50
4616 54 20
4617 55 2
4618 48 4
4619 51 40
4620 67 31
4621 45 19
4622 46 28
4623 52 35
4624 40 39
4625 43 13
4626 45 1
4627 65 10
4628 60 29
4629 50 32
4630 41 15
4631 62 22
4632 58 12
4633 66 3
4634 69 0
4635 42 29
4636 48 36
4637 55 8
4638 41 12
4639 50 48
4640 66 29
4641 54 36
4642 41 37
4643 62 13
4644 55 50
4645 69 30
4646 40 20
4647 40 26
4648 64 43
4649 46 30
4650 50 12
4651 55 20
4652 47 34
4653 58 11
4654 66 38
4655 48 28
4656 60 45
4657 70 21
4658 59 42
4659 70 29
4660 41 1
4661 56 40
4662 40 38
4663 63 44
4664 63 20
4665 46 33
4666 52 40
4667 42 22
4668 50 28
4669 47 15
4670 62 24
4671 55 30
4672 47 38
4673 53 48
4674 43 33
4675 56 41
4676 70 15
4677 64 40
4678 40 44
4679 42 48
4680 64 23
4681 53 45
4682 62 12
4683 47 0
4684 45 0
4685 45 1
4686 67 7
4687 45 40
4688 42 14
4689 66 41
4690 57 30
4691 58 46
4692 61 10
4693 60 38
4694 40 23
4695 64 1
4696 47 14
4697 46 23
4698 45 29
4699 66 10
4700 61 5
4701 46 43
4702 66 23
4703 70 2
4704 58 26
4705 70 50
4706 66 11
4707 63 41
4708 60 0
4709 55 36
4710 41 48
4711 60 18
4712 67 38
4713 63 21
4714 62 4
4715 56 22
4716 66 42
4717 40 46
4718 51 12
4719 40 12
4720 69 49
4721 56 39
4722 70 22
4723 52 43
4724 51 24
4725 55 28
4726 56 49
4727 57 22
4728 49 46
4729 45 28
4730 44 49
4731 63 12
4732 46 15
4733 59 39
4734 49 10
4735 53 31
4736 51 22
4737 57 26
4738 66 5
4739 66 47
4740 64 46
4741 42 9
4742 42 32
4743 46 42
4744 53 37
4745 40 19
4746 65 25
4747 65 8
4748 61 15
4749 66 33
4750 58 39
4751 64 38
4752 70 4
4753 62 44
4754 60 32
4755 54 36
4756 46 25
4757 54 2
4758 52 44
4759 49 37
4760 59 45
4761 44 26
4762 60 17
4763 49 11
4764 54 1
4765 42 35
4766 69 32
4767 70 5
4768 48 2
4769 69 25
4770 52 18
4771 62 39
4772 69 23
4773 55 26
4774 68 23
4775 41 10
4776 70 31
4777 67 41
4778 58 18
4779 55 31
4780 54 13
4781 42 9
4782 50 45
4783 63 42
4784 48 46
4785 51 50
4786 48 32
4787 42 18
4788 55 26
4789 55 24
4790 42 9
4791 51 32
4792 57 43
4793 44 5
4794 50 48
4795 56 12
4796 46 28
4797 59 39
4798 58 18
4799 55 36
4800 44 0
4801 57 45
4802 47 31
4803 40 11
4804 57 20
4805 51 42
4806 66 27
4807 41 38
4808 45 37
4809 65 48
4810 47 19
4811 54 26
4812 54 5
4813 63 33
4814 59 33
4815 43 25
4816 53 32
4817 63 24
4818 56 18
4819 43 13
4820 64 32
4821 63 14
4822 53 50
4823 51 16
4824 52 42
4825 57 28
4826 52 50
4827 41 30
4828 60 40
4829 59 13
4830 60 15
4831 56 48
4832 69 7
4833 47 10
4834 57 26
4835 56 4
4836 57 41
4837 62 3
4838 64 25
4839 53 13
4840 55 41
4841 67 2
4842 55 20
4843 47 5
4844 45 4
4845 70 25
4846 59 24
4847 42 2
4848 64 36
4849 58 49
4850 68 9
4851 44 33
4852 53 26
4853 68 3
4854 59 4
4855 41 22
4856 53 18
4857 61 30
4858 41 35
4859 59 0
4860 40 11
4861 43 0
4862 51 26
4863 51 32
4864 68 11
4865 53 37
4866 51 9
4867 54 34
4868 40 22
4869 45 0
4870 45 49
4871 70 0
4872 42 44
4873 55 50
4874 66 19
4875 56 7
4876 65 8
4877 66 46
4878 53 44
4879 48 49
4880 40 2
4881 46 39
4882 42 47
4883 49 31
4884 60 33
4885 42 28
4886 51 39
4887 43 50
4888 43 28
4889 51 36
4890 65 11
4891 54 18
4892 56 49
4893 61 28
4894 58 17
4895 63 31
4896 46 15
4897 59 5
4898 68 25
4899 45 14
4900 53 3
4901 52 1
4902 65 8
4903 55 9
4904 53 12
4905 67 17
4906 65 22
4907 40 45
4908 55 32
4909 56 49
4910 65 34
4911 50 24
4912 61 44
4913 58 12
4914 68 2
4915 45 7
4916 68 50
4917 52 15
4918 57 47
4919 48 5
4920 40 9
4921 68 23
4922 40 42
4923 62 45
4924 53 31
4925 47 38
4926 65 15
4927 55 29
4928 69 49
4929 62 7
4930 51 33
4931 51 23
4932 51 34
4933 42 3
4934 63 25
4935 64 18
4936 46 45
4937 47 8
4938 44 43
4939 43 26
4940 42 8
4941 53 26
4942 42 34
4943 63 34
4944 58 26
4945 63 15
4946 40 4
4947 58 47
4948 55 17
4949 62 23
4950 43 15
4951 58 35
4952 45 5
4953 58 44
4954 59 29
4955 50 36
4956 42 42
4957 70 37
4958 44 38
4959 40 24
4960 63 26
4961 57 33
4962 53 26
4963 66 4
4964 43 32
4965 51 24
4966 59 6
4967 51 25
4968 45 33
4969 59 9
4970 51 43
4971 56 20
4972 60 34
4973 54 31
4974 52 8
4975 44 17
4976 52 49
4977 65 47
4978 42 7
4979 68 33
4980 66 50
4981 47 7
4982 60 49
4983 52 22
4984 43 41
4985 53 5
4986 46 50
4987 56 37
4988 54 32
4989 47 43
4990 62 45
4991 46 20
4992 64 45
4993 58 6
4994 56 6
4995 44 41
4996 54 46
4997 65 36
4998 52 21
4999 61 37
5000 50 9
