5001 58 34
5002 66 35
5003 41 36
5004 64 32
5005 50 32
5006 54 36
5007 59 32
5008 67 15
5009 67 45
5010 53 2
5011 64 40
5012 47 40
5013 59 4
5014 43 6
5015 54 32
5016 54 24
5017 57 2
5018 60 26
5019 62 23
5020 68 3
5021 51 3
5022 62 40
5023 66 26
5024 59 6
5025 62 27
5026 40 38
5027 44 22
5028 58 37
5029 56 23
5030 41 28
5031 42 18
5032 40 24
5033 50 39
5034 51 17
5035 50 44
5036 51 40
5037 58 9
5038 70 6
5039 68 0
5040 69 47
5041 55 29
5042 44 34
5043 66 23
5044 59 17
5045 51 29
5046 48 6
5047 64 40
5048 70 11
5049 68 39
5050 56 28
5051 42 19
5052 61 5
5053 70 16
5054 66 17
5055 68 11
5056 57 37
5057 62 46
5058 67 16
5059 49 33
5060 49 32
5061 51 24
5062 67 7
5063 58 37
5064 61 24
5065 54 43
5066 45 32
5067 56 49
5068 44 38
5069 44 15
5070 54 36
5071 47 27
5072 52 48
5073 51 39
5074 50 41
5075 58 48
5076 45 43
5077 64 0
5078 60 19
5079 66 30
5080 58 43
5081 44 34
5082 62 44
5083 70 6
5084 47 26
5085 57 39
5086 66 48
5087 62 24
5088 59 30
5089 49 34
5090 41 40
5091 48 15
5092 67 1
5093 54 50
5094 65 18
5095 60 33
5096 57 21
5097 65 25
5098 70 27
5099 61 9
5100 49 39
5101 65 42
5102 50 41
5103 70 46
5104 42 0
5105 44 38
5106 51 2
5107 59 25
5108 46 13
5109 45 45
5110 63 27
5111 44 48
5112 60 15
5113 41 27
5114 42 32
5115 57 19
5116 52 2
5117 65 30
5118 53 12
5119 45 27
5120 56 0
5121 53 25
5122 67 11
5123 53 16
5124 59 18
5125 57 20
5126 48 27
5127 59 39
5128 68 49
5129 54 25
5130 67 14
5131 66 37
5132 67 46
5133 60 23
5134 43 0
5135 66 17
5136 59 14
5137 70 39
5138 63 11
5139 43 6
5140 66 31
5141 52 6
5142 60 16
5143 61 13
5144 70 42
5145 66 28
5146 65 44
5147 61 32
5148 59 26
5149 59 3
5150 53 2
5151 44 22
5152 53 4
5153 41 16
5154 64 16
5155 58 27
5156 42 30
5157 55 0
5158 60 37
5159 57 30
5160 54 33
5161 52 50
5162 49 0
5163 67 25
5164 43 43
5165 48 40
5166 47 43
5167 45 20
5168 66 6
5169 45 7
5170 66 46
5171 67 22
5172 57 23
5173 67 42
5174 51 23
5175 68 15
5176 48 12
5177 43 1
5178 40 43
5179 68 18
5180 53 33
5181 56 7
5182 41 35
5183 60 3
5184 53 39
5185 66 5
5186 45 6
5187 53 6
5188 58 25
5189 56 50
5190 50 8
5191 48 48
5192 64 4
5193 62 30
5194 54 37
5195 49 37
5196 66 43
5197 46 16
5198 51 41
5199 54 43
5200 55 9
5201 70 1
5202 70 25
5203 70 3
5204 46 42
5205 40 35
5206 60 46
5207 61 35
5208 50 4
5209 44 43
5210 52 15
5211 62 44
5212 51 31
5213 60 3
5214 41 34
5215 49 35
5216 68 11
5217 58 2
5218 60 44
5219 70 50
5220 53 31
5221 69 50
5222 70 29
5223 70 29
5224 64 2
5225 50 16
5226 45 49
5227 59 22
5228 48 13
5229 54 47
5230 69 38
5231 45 33
5232 60 9
5233 54 26
5234 45 12
5235 45 27
5236 48 4
5237 66 44
5238 50 12
5239 45 22
5240 46 32
5241 48 4
5242 45 26
5243 50 34
5244 60 2
5245 63 10
5246 45 32
5247 67 10
5248 62 20
5249 66 2
5250 59 9
5251 65 16
5252 40 41
5253 69 29
5254 61 22
5255 67 11
5256 63 28
5257 63 3
5258 66 49
5259 42 45
5260 60 28
5261 41 33
5262 65 14
5263 59 27
5264 67 37
5265 56 27
5266 61 45
5267 44 46
5268 63 37
5269 64 24
5270 69 47
5271 58 28
5272 57 0
5273 67 2
5274 43 50
5275 66 24
5276 42 12
5277 50 14
5278 44 50
5279 52 48
5280 62 42
5281 40 26
5282 66 29
5283 62 14
5284 69 45
5285 62 43
5286 41 13
5287 54 24
5288 58 36
5289 48 13
5290 67 19
5291 60 4
5292 47 42
5293 69 36
5294 54 7
5295 54 7
5296 49 41
5297 58 35
5298 51 32
5299 67 19
5300 43 22
5301 43 4
5302 67 47
5303 40 50
5304 46 33
5305 43 22
5306 56 22
5307 64 12
5308 51 11
5309 63 43
5310 70 6
5311 70 43
5312 52 20
5313 40 13
5314 55 41
5315 55 17
5316 40 46
5317 50 47
5318 67 49
5319 43 25
5320 55 12
5321 70 43
5322 59 30
5323 60 32
5324 63 31
5325 40 2
5326 56 10
5327 68 10
5328 43 47
5329 57 38
5330 52 15
5331 62 10
5332 57 14
5333 53 18
5334 45 50
5335 57 50
5336 58 22
5337 57 26
5338 41 40
5339 51 40
5340 63 43
5341 64 35
5342 70 27
5343 47 6
5344 55 14
5345 62 2
5346 66 34
5347 51 48
5348 62 14
5349 40 10
5350 43 21
5351 61 6
5352 53 32
5353 42 18
5354 46 45
5355 43 22
5356 56 44
5357 56 26
5358 63 34
5359 55 7
5360 63 5
5361 41 37
5362 62 28
5363 55 27
5364 48 47
5365 53 20
5366 67 43
5367 65 31
5368 60 38
5369 59 9
5370 43 19
5371 67 12
5372 63 28
5373 44 23
5374 45 0
5375 56 6
5376 43 36
5377 60 45
5378 70 17
5379 49 11
5380 66 4
5381 43 37
5382 67 29
5383 56 17
5384 57 20
5385 47 26
5386 49 5
5387 68 6
5388 45 48
5389 69 37
5390 41 0
5391 67 36
5392 44 25
5393 65 7
5394 69 23
5395 45 44
5396 64 2
5397 70 39
5398 41 20
5399 45 47
5400 55 29
5401 62 42
5402 66 44
5403 53 8
5404 69 4
5405 53 12
5406 64 39
5407 61 34
5408 53 46
5409 61 4
5410 55 33
5411 47 1
5412 47 17
5413 51 36
5414 50 2
5415 68 41
5416 68 0
5417 49 12
5418 65 47
5419 65 13
5420 63 12
5421 59 23
5422 54 30
5423 45 37
5424 40 35
5425 64 7
5426 51 23
5427 63 46
5428 49 12
5429 59 32
5430 68 37
5431 51 48
5432 61 34
5433 48 0
5434 63 37
5435 41 27
5436 62 39
5437 44 2
5438 46 22
5439 56 2
5440 58 2
5441 70 14
5442 65 7
5443 46 10
5444 63 19
5445 56 12
5446 41 5
5447 70 44
5448 48 12
5449 60 8
5450 61 14
5451 45 5
5452 62 45
5453 54 11
5454 66 45
5455 70 20
5456 56 45
5457 52 25
5458 43 38
5459 48 7
5460 53 48
5461 59 3
5462 66 14
5463 52 42
5464 59 13
5465 52 9
5466 61 25
5467 60 8
5468 50 49
5469 51 11
5470 49 5
5471 42 10
5472 52 1
5473 51 16
5474 48 38
5475 51 46
5476 40 49
5477 52 2
5478 54 23
5479 57 47
5480 52 25
5481 45 17
5482 66 12
5483 60 8
5484 55 44
5485 51 2
5486 65 47
5487 61 19
5488 63 9
5489 44 7
5490 46 10
5491 42 17
5492 64 29
5493 56 30
5494 67 4
5495 43 24
5496 48 42
5497 66 32
5498 41 30
5499 68 18
5500 70 32
5501 42 48
5502 56 7
5503 68 16
5504 56 31
5505 65 47
5506 49 19
5507 54 1
5508 69 16
5509 43 23
5510 52 24
5511 62 44
5512 60 45
5513 47 38
5514 67 44
5515 64 46
5516 47 42
5517 70 8
5518 56 3
5519 41 25
5520 50 12
5521 62 33
5522 46 1
5523 54 2
5524 55 31
5525 62 45
5526 66 37
5527 70 44
5528 41 49
5529 65 47
5530 65 40
5531 62 18
5532 52 40
5533 56 46
5534 46 47
5535 41 21
5536 65 49
5537 54 9
5538 64 36
5539 50 1
5540 68 10
5541 58 29
5542 60 41
5543 46 10
5544 50 39
5545 62 47
5546 58 21
5547 48 38
5548 54 28
5549 52 45
5550 65 42
5551 65 31
5552 53 41
5553 59 22
5554 52 46
5555 48 15
5556 43 43
5557 44 25
5558 64 16
5559 66 16
5560 55 45
5561 45 44
5562 57 22
5563 65 21
5564 64 33
5565 45 1
5566 48 46
5567 50 29
5568 41 0
5569 43 28
5570 49 0
5571 52 10
5572 51 17
5573 52 26
5574 66 9
5575 62 25
5576 54 45
5577 44 22
5578 67 39
5579 69 39
5580 70 37
5581 62 47
5582 70 41
5583 48 26
5584 55 37
5585 51 27
5586 61 43
5587 59 1
5588 51 23
5589 46 36
5590 47 11
5591 65 27
5592 47 41
5593 50 44
5594 64 1
5595 41 28
5596 47 47
5597 60 9
5598 41 17
5599 65 14
5600 44 40
5601 69 41
5602 51 29
5603 45 35
5604 62 32
5605 59 39
5606 47 2
5607 55 37
5608 40 3
5609 70 13
5610 57 47
5611 58 49
5612 64 27
5613 55 30
5614 47 47
5615 40 31
5616 41 50
5617 70 29
5618 67 28
5619 68 14
5620 43 34
5621 49 11
5622 61 7
5623 53 20
5624 65 34
5625 53 17
5626 64 24
5627 48 47
5628 44 31
5629 52 5
5630 54 2
5631 57 3
5632 41 34
5633 64 4
5634 57 45
5635 45 16
5636 54 6
5637 69 6
5638 67 24
5639 57 27
5640 43 45
5641 54 28
5642 51 45
5643 46 6
5644 45 22
5645 41 27
5646 48 15
5647 69 48
5648 58 10
5649 68 1
5650 50 34
5651 48 29
5652 44 12
5653 53 35
5654 46 47
5655 56 30
5656 61 23
5657 57 3
5658 53 17
5659 42 38
5660 45 11
5661 43 24
5662 67 32
5663 68 28
5664 60 0
5665 43 29
5666 44 3
5667 49 9
5668 46 41
5669 47 22
5670 49 35
5671 43 49
5672 50 1
5673 45 36
5674 47 36
5675 64 10
5676 54 32
5677 59 9
5678 50 14
5679 44 15
5680 45 46
5681 63 6
5682 50 18
5683 47 34
5684 47 36
5685 60 49
5686 43 12
5687 47 40
5688 44 9
5689 48 48
5690 51 25
5691 40 20
5692 58 16
5693 47 12
5694 69 48
5695 57 4
5696 49 21
5697 48 9
5698 46 12
5699 44 44
5700 42 50
5701 41 24
5702 44 23
5703 46 32
5704 66 50
5705 52 3
5706 57 27
5707 44 16
5708 50 44
5709 40 2
5710 45 47
5711 47 18
5712 54 6
5713 59 17
5714 58 34
5715 68 42
5716 62 1
5717 48 28
5718 45 4
5719 42 16
5720 43 2
5721 62 48
5722 65 22
5723 43 12
5724 51 2
5725 58 35
5726 43 49
5727 67 3
5728 63 40
5729 54 16
5730 57 33
5731 52 14
5732 59 16
5733 51 1
5734 54 10
5735 48 14
5736 70 24
5737 62 15
5738 62 37
5739 48 15
5740 64 25
5741 63 17
5742 40 25
5743 47 6
5744 44 26
5745 54 22
5746 53 16
5747 58 37
5748 55 3
5749 55 23
5750 49 43
5751 46 17
5752 55 7
5753 41 35
5754 44 44
5755 52 31
5756 53 3
5757 68 13
5758 42 18
5759 48 35
5760 54 36
5761 42 44
5762 66 5
5763 65 49
5764 44 45
5765 43 39
5766 56 13
5767 49 32
5768 60 42
5769 56 31
5770 49 34
5771 61 40
5772 47 9
5773 61 39
5774 40 1
5775 53 25
5776 49 36
5777 44 47
5778 45 25
5779 50 48
5780 40 11
5781 54 25
5782 56 10
5783 62 25
5784 68 2
5785 44 26
5786 66 45
5787 53 32
5788 67 21
5789 51 15
5790 60 43
5791 47 20
5792 40 44
5793 52 9
5794 44 10
5795 52 27
5796 40 14
5797 64 41
5798 60 29
5799 41 32
5800 45 41
5801 55 6
5802 65 1
5803 42 23
5804 64 36
5805 65 3
5806 61 48
5807 53 20
5808 45 21
5809 70 4
5810 65 42
5811 40 14
5812 58 36
5813 57 26
5814 44 5
5815 46 11
5816 50 31
5817 60 47
5818 60 46
5819 65 30
5820 48 24
5821 67 9
5822 51 35
5823 43 33
5824 43 21
5825 42 29
5826 61 0
5827 40 13
5828 57 42
5829 63 37
5830 46 38
5831 40 20
5832 69 13
5833 55 36
5834 44 7
5835 57 23
5836 57 3
5837 62 7
5838 40 50
5839 63 6
5840 68 50
5841 46 14
5842 62 2
5843 67 30
5844 45 37
5845 53 42
5846 54 44
5847 45 43
5848 58 42
5849 59 29
5850 54 23
5851 66 33
5852 44 15
5853 69 10
5854 45 45
5855 53 14
5856 67 21
5857 70 42
5858 62 13
5859 67 48
5860 44 3
5861 46 16
5862 59 38
5863 45 2
5864 41 1
5865 60 29
5866 68 12
5867 68 11
5868 65 3
5869 42 42
5870 57 12
5871 60 24
5872 45 45
5873 70 5
5874 62 46
5875 70 1
5876 66 3
5877 53 36
5878 50 46
5879 68 48
5880 48 2
5881 41 5
5882 43 19
5883 50 29
5884 50 46
5885 57 15
5886 69 40
5887 64 19
5888 45 44
5889 46 27
5890 46 36
5891 58 17
5892 59 7
5893 58 29
5894 60 10
5895 46 19
5896 64 34
5897 59 8
5898 50 46
5899 68 19
5900 63 12
5901 63 9
5902 43 1
5903 57 5
5904 48 48
5905 55 4
5906 44 33
5907 56 24
5908 65 3
5909 57 20
5910 45 11
5911 43 26
5912 61 49
5913 69 35
5914 47 34
5915 65 29
5916 63 27
5917 64 28
5918 47 3
5919 55 18
5920 45 31
5921 44 26
5922 51 45
5923 53 19
5924 62 7
5925 44 44
5926 64 23
5927 57 38
5928 63 9
5929 66 35
5930 59 11
5931 42 3
5932 61 8
5933 46 22
5934 49 20
5935 46 48
5936 50 44
5937 54 27
5938 52 2
5939 63 37
5940 44 44
5941 64 33
5942 41 27
5943 54 0
5944 59 11
5945 60 49
5946 45 36
5947 70 29
5948 46 2
5949 61 22
5950 67 4
5951 40 10
5952 43 15
5953 57 46
5954 53 5
5955 65 10
5956 53 3
5957 46 22
5958 63 38
5959 53 12
5960 47 45
5961 65 18
5962 51 44
5963 60 21
5964 45 24
5965 51 8
5966 47 23
5967 42 27
5968 60 21
5969 44 49
5970 70 20
5971 49 23
5972 44 46
5973 47 27
5974 42 5
5975 58 34
5976 43 9
5977 68 8
5978 43 8
5979 61 22
5980 56 21
5981 42 20
5982 46 9
5983 43 11
5984 68 18
5985 52 11
5986 70 37
5987 58 42
5988 57 16
5989 52 48
5990 55 30
5991 55 49
5992 53 48
5993 54 10
5994 66 25
5995 40 2
5996 62 41
5997 54 17
5998 65 23
5999 65 15
6000 44 28
