9001 48 16
9002 48 20
9003 50 31
9004 60 17
9005 70 43
9006 55 45
9007 44 6
9008 51 25
9009 46 25
9010 66 6
9011 55 41
9012 54 48
9013 49 45
9014 64 44
9015 57 25
9016 57 34
9017 42 33
9018 67 30
9019 63 21
9020 61 31
9021 55 19
9022 48 9
9023 68 22
9024 63 27
9025 66 49
9026 48 46
9027 57 28
9028 55 5
9029 51 16
9030 41 34
9031 49 15
9032 57 50
9033 48 36
9034 61 36
9035 54 40
9036 64 30
9037 46 36
9038 53 46
9039 60 21
9040 68 49
9041 44 5
9042 51 15
9043 67 13
9044 48 6
9045 67 43
9046 54 1
9047 51 21
9048 52 38
9049 70 38
9050 53 16
9051 62 22
9052 48 7
9053 53 31
9054 42 37
9055 58 32
9056 62 28
9057 46 39
9058 65 48
9059 47 24
9060 58 18
9061 66 0
9062 61 24
9063 68 18
9064 62 3
9065 60 31
9066 59 36
9067 45 30
9068 68 20
9069 58 24
9070 40 19
9071 64 37
9072 42 5
9073 48 27
9074 67 32
9075 59 33
9076 41 37
9077 67 27
9078 60 12
9079 56 5
9080 64 25
9081 42 35
9082 61 34
9083 48 36
9084 41 45
9085 43 33
9086 50 40
9087 48 10
9088 56 27
9089 40 30
9090 58 31
9091 54 25
9092 41 20
9093 45 13
9094 49 8
9095 56 16
9096 64 42
9097 43 41
9098 69 22
9099 65 47
9100 56 9
9101 61 33
9102 48 23
9103 68 0
9104 67 39
9105 45 20
9106 59 14
9107 46 39
9108 52 27
9109 68 9
9110 67 0
9111 52 40
9112 66 32
9113 70 6
9114 46 42
9115 50 47
9116 58 22
9117 68 29
9118 70 14
9119 61 13
9120 40 4
9121 56 22
9122 51 38
9123 52 43
9124 61 21
9125 54 23
9126 56 38
9127 64 49
9128 52 2
9129 46 31
9130 50 27
9131 44 40
9132 68 38
9133 59 12
9134 61 11
9135 52 40
9136 66 28
9137 41 3
9138 43 30
9139 69 29
9140 66 0
9141 65 40
9142 54 4
9143 70 4
9144 43 19
9145 67 20
9146 49 18
9147 49 33
9148 69 31
9149 47 18
9150 59 10
9151 54 50
9152 67 4
9153 66 28
9154 69 37
9155 58 22
9156 53 27
9157 45 49
9158 50 17
9159 65 44
9160 40 14
9161 69 12
9162 58 30
9163 57 32
9164 44 2
9165 62 29
9166 68 12
9167 52 13
9168 55 13
9169 42 31
9170 67 46
9171 63 10
9172 54 21
9173 63 23
9174 66 39
9175 48 11
9176 53 27
9177 51 38
9178 46 22
9179 49 42
9180 68 33
9181 59 27
9182 53 19
9183 52 2
9184 40 45
9185 66 34
9186 61 2
9187 58 19
9188 45 40
9189 54 25
9190 57 18
9191 48 17
9192 65 11
9193 63 45
9194 55 3
9195 70 47
9196 62 9
9197 59 32
9198 66 49
9199 46 21
9200 69 35
9201 68 44
9202 41 40
9203 45 45
9204 42 49
9205 60 30
9206 62 48
9207 45 4
9208 46 15
9209 48 44
9210 64 17
9211 51 5
9212 52 24
9213 67 48
9214 63 47
9215 61 37
9216 47 34
9217 57 24
9218 46 41
9219 56 0
9220 70 20
9221 69 46
9222 52 13
9223 44 32
9224 52 23
9225 61 2
9226 70 0
9227 63 32
9228 63 36
9229 69 26
9230 70 39
9231 41 43
9232 53 49
9233 51 26
9234 64 45
9235 58 5
9236 58 5
9237 40 39
9238 67 23
9239 68 45
9240 61 46
9241 64 21
9242 61 37
9243 54 16
9244 68 34
9245 56 47
9246 50 9
9247 53 49
9248 54 21
9249 48 16
9250 64 50
9251 56 31
9252 53 0
9253 56 46
9254 44 5
9255 53 46
9256 68 15
9257 52 36
9258 65 15
9259 46 12
9260 49 0
9261 67 35
9262 44 35
9263 57 7
9264 49 24
9265 50 13
9266 69 22
9267 65 5
9268 48 7
9269 49 30
9270 67 8
9271 67 49
9272 43 23
9273 63 45
9274 40 20
9275 66 5
9276 48 30
9277 67 29
9278 45 50
9279 70 4
9280 50 13
9281 45 0
9282 69 34
9283 47 38
9284 55 34
9285 52 27
9286 67 35
9287 63 37
9288 70 37
9289 54 13
9290 40 39
9291 63 40
9292 53 31
9293 43 47
9294 40 23
9295 59 11
9296 41 0
9297 41 18
9298 43 22
9299 65 28
9300 58 19
9301 65 26
9302 58 43
9303 62 22
9304 41 10
9305 42 1
9306 65 47
9307 51 23
9308 40 42
9309 54 29
9310 51 27
9311 55 44
9312 61 25
9313 50 27
9314 60 11
9315 64 22
9316 62 30
9317 44 47
9318 67 23
9319 60 2
9320 65 48
9321 70 39
9322 55 24
9323 48 28
9324 57 48
9325 62 38
9326 50 14
9327 63 9
9328 56 37
9329 51 44
9330 51 31
9331 44 42
9332 43 11
9333 56 14
9334 61 15
9335 55 7
9336 66 21
9337 58 48
9338 52 45
9339 44 29
9340 41 26
9341 40 27
9342 52 32
9343 48 38
9344 45 6
9345 40 5
9346 67 5
9347 59 8
9348 50 4
9349 70 5
9350 43 0
9351 69 18
9352 55 32
9353 45 7
9354 46 1
9355 68 30
9356 43 44
9357 58 16
9358 43 44
9359 56 26
9360 58 30
9361 40 19
9362 58 22
9363 63 43
9364 48 38
9365 66 50
9366 56 21
9367 43 5
9368 43 24
9369 62 30
9370 70 27
9371 49 10
9372 41 9
9373 66 16
9374 47 6
9375 69 38
9376 61 23
9377 68 0
9378 64 6
9379 52 27
9380 41 49
9381 63 1
9382 47 45
9383 69 38
9384 51 30
9385 65 7
9386 57 40
9387 54 10
9388 40 23
9389 53 37
9390 41 18
9391 54 35
9392 47 7
9393 42 42
9394 61 33
9395 57 11
9396 40 25
9397 67 36
9398 47 41
9399 60 46
9400 68 37
9401 41 8
9402 54 41
9403 53 21
9404 45 25
9405 41 22
9406 64 45
9407 47 30
9408 64 35
9409 66 31
9410 58 30
9411 55 35
9412 43 41
9413 57 19
9414 60 14
9415 69 22
9416 59 23
9417 65 8
9418 65 5
9419 48 7
9420 50 30
9421 63 5
9422 53 21
9423 67 22
9424 50 46
9425 62 25
9426 66 12
9427 44 11
9428 60 41
9429 65 21
9430 49 20
9431 56 33
9432 42 49
9433 61 10
9434 46 4
9435 51 6
9436 65 31
9437 56 4
9438 49 14
9439 45 31
9440 44 22
9441 58 11
9442 46 25
9443 64 16
9444 41 4
9445 67 3
9446 45 16
9447 50 22
9448 56 30
9449 58 34
9450 51 20
9451 68 22
9452 41 23
9453 67 41
9454 52 26
9455 40 11
9456 42 43
9457 66 32
9458 54 33
9459 65 35
9460 46 20
9461 44 8
9462 60 33
9463 55 45
9464 63 31
9465 48 3
9466 57 41
9467 47 25
9468 54 33
9469 46 22
9470 53 37
9471 51 31
9472 52 41
9473 48 13
9474 46 2
9475 40 14
9476 69 21
9477 49 27
9478 70 38
9479 47 5
9480 53 42
9481 55 16
9482 51 31
9483 48 7
9484 52 10
9485 40 25
9486 49 21
9487 43 15
9488 50 50
9489 64 3
9490 68 9
9491 54 5
9492 43 45
9493 59 21
9494 65 18
9495 49 44
9496 48 16
9497 65 1
9498 44 42
9499 51 20
9500 58 39
9501 61 38
9502 49 7
9503 45 37
9504 63 11
9505 51 9
9506 65 40
9507 48 48
9508 63 18
9509 43 33
9510 41 47
9511 42 48
9512 62 33
9513 44 42
9514 70 26
9515 52 31
9516 45 3
9517 49 8
9518 58 43
9519 49 34
9520 45 23
9521 68 44
9522 62 7
9523 64 25
9524 61 49
9525 62 35
9526 60 35
9527 46 7
9528 48 15
9529 65 8
9530 66 25
9531 45 11
9532 47 46
9533 43 20
9534 44 42
9535 47 45
9536 61 0
9537 51 13
9538 65 8
9539 43 42
9540 64 32
9541 60 8
9542 51 9
9543 45 43
9544 64 22
9545 65 2
9546 59 44
9547 41 23
9548 44 2
9549 53 19
9550 68 10
9551 54 15
9552 42 38
9553 52 21
9554 57 34
9555 43 43
9556 44 23
9557 64 5
9558 61 36
9559 65 49
9560 43 0
9561 57 40
9562 60 26
9563 63 6
9564 61 18
9565 63 43
9566 50 10
9567 44 6
9568 53 16
9569 42 3
9570 49 1
9571 52 24
9572 45 49
9573 59 8
9574 57 17
9575 66 5
9576 68 45
9577 55 14
9578 58 29
9579 57 48
9580 64 10
9581 62 50
9582 42 2
9583 56 6
9584 51 14
9585 53 32
9586 51 41
9587 52 27
9588 47 19
9589 53 26
9590 68 18
9591 45 32
9592 69 31
9593 50 10
9594 43 9
9595 57 46
9596 56 35
9597 40 15
9598 43 10
9599 40 6
9600 54 38
9601 45 44
9602 44 5
9603 66 47
9604 41 27
9605 50 33
9606 54 25
9607 45 2
9608 59 17
9609 47 40
9610 66 44
9611 43 28
9612 62 1
9613 66 10
9614 46 45
9615 59 49
9616 54 50
9617 70 45
9618 63 8
9619 64 0
9620 69 3
9621 57 2
9622 58 11
9623 53 26
9624 54 19
9625 56 35
9626 40 36
9627 43 25
9628 61 13
9629 54 18
9630 45 33
9631 63 9
9632 51 30
9633 43 47
9634 48 22
9635 46 7
9636 58 47
9637 48 9
9638 51 46
9639 68 4
9640 58 25
9641 55 24
9642 64 22
9643 66 11
9644 44 33
9645 52 20
9646 61 4
9647 47 30
9648 58 36
9649 60 12
9650 54 15
9651 50 35
9652 56 17
9653 64 26
9654 47 9
9655 44 10
9656 70 22
9657 40 20
9658 54 49
9659 42 45
9660 56 38
9661 52 31
9662 47 27
9663 44 16
9664 47 28
9665 68 50
9666 42 25
9667 47 34
9668 60 48
9669 58 30
9670 61 48
9671 47 45
9672 42 0
9673 47 5
9674 49 39
9675 46 35
9676 54 2
9677 48 9
9678 52 41
9679 62 45
9680 54 44
9681 47 9
9682 66 1
9683 58 44
9684 56 2
9685 60 43
9686 66 37
9687 70 19
9688 55 9
9689 62 20
9690 51 2
9691 47 24
9692 70 36
9693 55 10
9694 41 3
9695 41 5
9696 55 24
9697 62 33
9698 64 0
9699 47 0
9700 43 4
9701 45 29
9702 69 50
9703 63 49
9704 48 0
9705 62 0
9706 50 21
9707 61 25
9708 53 35
9709 50 33
9710 57 37
9711 48 7
9712 44 48
9713 47 41
9714 46 44
9715 42 44
9716 57 28
9717 41 26
9718 62 18
9719 42 50
9720 60 32
9721 67 40
9722 52 49
9723 58 3
9724 54 15
9725 68 16
9726 50 0
9727 46 3
9728 55 26
9729 48 49
9730 64 17
9731 49 26
9732 63 44
9733 67 50
9734 56 41
9735 41 39
9736 66 18
9737 48 29
9738 62 21
9739 69 42
9740 70 9
9741 54 15
9742 62 5
9743 66 31
9744 60 3
9745 61 42
9746 43 23
9747 47 27
9748 50 38
9749 68 47
9750 51 11
9751 50 41
9752 70 14
9753 54 35
9754 49 47
9755 41 5
9756 40 13
9757 49 7
9758 40 7
9759 70 0
9760 42 27
9761 70 34
9762 54 47
9763 45 5
9764 66 40
9765 45 38
9766 61 25
9767 67 48
9768 43 39
9769 55 50
9770 65 3
9771 41 31
9772 46 41
9773 46 3
9774 43 31
9775 60 0
9776 70 50
9777 55 14
9778 40 0
9779 63 36
9780 41 6
9781 43 31
9782 64 24
9783 64 22
9784 53 24
9785 44 23
9786 64 36
9787 67 8
9788 45 15
9789 55 4
9790 58 6
9791 54 4
9792 54 50
9793 64 1
9794 42 13
9795 42 38
9796 69 43
9797 60 35
9798 67 22
9799 56 25
9800 58 9
9801 63 50
9802 50 8
9803 42 50
9804 57 40
9805 53 31
9806 70 7
9807 66 46
9808 54 32
9809 63 13
9810 60 38
9811 48 40
9812 46 30
9813 61 17
9814 58 46
9815 59 3
9816 55 3
9817 46 50
9818 69 27
9819 58 28
9820 59 27
9821 70 10
9822 48 50
9823 61 31
9824 64 24
9825 41 12
9826 70 13
9827 48 37
9828 51 7
9829 45 28
9830 44 16
9831 56 45
9832 40 13
9833 50 24
9834 58 33
9835 58 21
9836 64 49
9837 56 29
9838 43 23
9839 59 13
9840 69 5
9841 63 35
9842 69 46
9843 44 42
9844 50 29
9845 52 13
9846 57 12
9847 58 8
9848 70 25
9849 47 44
9850 64 38
9851 56 41
9852 51 41
9853 41 29
9854 69 34
9855 61 40
9856 51 38
9857 51 45
9858 55 41
9859 40 8
9860 42 10
9861 49 26
9862 50 26
9863 68 35
9864 63 46
9865 44 50
9866 44 42
9867 67 36
9868 45 1
9869 67 25
9870 57 45
9871 69 17
9872 51 5
9873 49 41
9874 48 45
9875 58 29
9876 52 13
9877 42 12
9878 53 21
9879 51 35
9880 54 41
9881 60 49
9882 63 46
9883 52 2
9884 55 22
9885 42 13
9886 54 34
9887 60 13
9888 52 33
9889 69 15
9890 62 37
9891 42 14
9892 42 0
9893 47 37
9894 60 4
9895 68 16
9896 66 33
9897 63 14
9898 43 23
9899 69 0
9900 58 30
9901 68 38
9902 56 21
9903 44 46
9904 64 34
9905 48 12
9906 59 2
9907 60 23
9908 47 0
9909 53 10
9910 47 25
9911 43 35
9912 50 44
9913 53 41
9914 61 30
9915 56 39
9916 70 23
9917 47 24
9918 43 48
9919 40 7
9920 41 33
9921 45 38
9922 57 28
9923 46 25
9924 60 27
9925 57 28
9926 48 13
9927 42 37
9928 40 1
9929 61 47
9930 46 47
9931 58 29
9932 53 2
9933 70 17
9934 62 2
9935 60 25
9936 62 49
9937 66 9
9938 62 22
9939 57 44
9940 52 8
9941 50 30
9942 68 32
9943 54 30
9944 47 18
9945 55 0
9946 59 22
9947 47 27
9948 54 39
9949 41 40
9950 54 42
9951 56 18
9952 49 17
9953 60 48
9954 46 49
9955 56 6
9956 44 45
9957 63 26
9958 44 26
9959 45 23
9960 58 17
9961 55 44
9962 61 38
9963 55 10
9964 68 46
9965 41 28
9966 64 38
9967 43 38
9968 52 42
9969 66 22
9970 42 12
9971 67 25
9972 53 48
9973 43 21
9974 47 27
9975 40 10
9976 57 48
9977 45 46
9978 70 41
9979 70 27
9980 52 15
9981 52 10
9982 40 10
9983 50 35
9984 70 20
9985 57 43
9986 40 30
9987 50 39
9988 53 27
9989 52 15
9990 58 18
9991 47 43
9992 54 34
9993 42 18
9994 49 21
9995 66 49
9996 52 2
9997 42 39
9998 45 24
9999 47 4
10000 50 8
