10001 42 14
10002 51 47
10003 68 40
10004 46 16
10005 42 27
10006 70 22
10007 51 33
10008 45 18
10009 40 3
10010 47 38
10011 41 11
10012 62 40
10013 57 44
10014 69 28
10015 69 36
10016 57 33
10017 64 45
10018 42 27
10019 70 22
10020 64 39
10021 70 13
10022 46 31
10023 41 29
10024 54 15
10025 69 1
10026 68 43
10027 63 21
10028 45 17
10029 64 32
10030 46 11
10031 67 38
10032 60 36
10033 44 38
10034 69 39
10035 43 2
10036 43 34
10037 41 1
10038 68 13
10039 43 16
10040 43 43
10041 68 36
10042 51 44
10043 40 44
10044 59 4
10045 56 46
10046 42 31
10047 48 4
10048 47 3
10049 53 49
10050 66 9
10051 70 20
10052 41 4
10053 57 19
10054 52 23
10055 58 32
10056 50 3
10057 63 10
10058 65 25
10059 56 21
10060 52 19
10061 52 4
10062 55 20
10063 68 23
10064 51 24
10065 43 13
10066 64 1
10067 41 48
10068 58 36
10069 51 26
10070 50 21
10071 67 50
10072 64 2
10073 42 32
10074 47 50
10075 47 36
10076 41 1
10077 64 5
10078 48 16
10079 56 23
10080 67 50
10081 54 20
10082 52 6
10083 45 33
10084 48 4
10085 64 28
10086 46 25
10087 48 32
10088 45 5
10089 69 24
10090 54 14
10091 54 32
10092 62 40
10093 65 32
10094 63 32
10095 66 15
10096 41 24
10097 51 2
10098 62 41
10099 66 18
10100 57 42
10101 54 42
10102 47 9
10103 48 37
10104 46 46
10105 62 10
10106 44 16
10107 69 6
10108 55 25
10109 46 15
10110 58 49
10111 69 30
10112 41 43
10113 55 2
10114 56 19
10115 48 6
10116 51 41
10117 43 40
10118 69 28
10119 53 13
10120 68 5
10121 47 14
10122 48 11
10123 56 18
10124 42 30
10125 66 2
10126 45 18
10127 57 17
10128 68 49
10129 67 17
10130 57 21
10131 46 17
10132 64 30
10133 68 47
10134 57 10
10135 65 6
10136 40 11
10137 66 29
10138 58 47
10139 46 20
10140 47 34
10141 60 19
10142 65 39
10143 53 39
10144 58 6
10145 66 50
10146 68 40
10147 43 42
10148 52 14
10149 55 8
10150 56 44
10151 69 30
10152 59 29
10153 65 25
10154 47 46
10155 63 41
10156 40 27
10157 63 8
10158 63 28
10159 59 21
10160 54 49
10161 40 18
10162 44 3
10163 52 46
10164 40 23
10165 44 46
10166 58 4
10167 57 32
10168 67 1
10169 60 35
10170 40 13
10171 61 30
10172 61 36
10173 61 3
10174 61 45
10175 40 16
10176 51 28
10177 57 39
10178 70 38
10179 47 50
10180 54 20
10181 47 1
10182 41 48
10183 42 20
10184 42 18
10185 67 49
10186 45 42
10187 57 24
10188 50 45
10189 65 11
10190 42 5
10191 59 49
10192 45 14
10193 64 11
10194 64 5
10195 60 26
10196 63 29
10197 54 35
10198 41 23
10199 45 27
10200 60 46
10201 49 0
10202 53 44
10203 43 13
10204 47 25
10205 64 15
10206 41 42
10207 70 41
10208 41 17
10209 48 11
10210 63 3
10211 45 38
10212 50 7
10213 70 47
10214 59 42
10215 66 3
10216 40 27
10217 52 43
10218 52 40
10219 42 30
10220 49 50
10221 50 40
10222 42 14
10223 57 38
10224 44 7
10225 44 13
10226 47 4
10227 57 46
10228 40 47
10229 54 13
10230 50 14
10231 69 21
10232 60 0
10233 70 5
10234 67 49
10235 64 17
10236 66 33
10237 52 19
10238 49 3
10239 60 25
10240 48 45
10241 64 29
10242 41 21
10243 55 25
10244 53 31
10245 44 0
10246 70 2
10247 54 47
10248 69 30
10249 60 29
10250 65 29
10251 63 41
10252 58 2
10253 40 27
10254 53 17
10255 53 49
10256 67 27
10257 64 44
10258 57 2
10259 67 44
10260 63 18
10261 58 6
10262 56 28
10263 40 49
10264 49 34
10265 56 5
10266 58 21
10267 42 25
10268 66 40
10269 57 45
10270 65 1
10271 49 37
10272 46 29
10273 53 29
10274 68 33
10275 60 8
10276 60 42
10277 61 44
10278 65 31
10279 63 4
10280 56 48
10281 48 16
10282 43 10
10283 48 1
10284 58 13
10285 62 32
10286 55 46
10287 52 38
10288 70 45
10289 44 22
10290 43 12
10291 44 43
10292 64 9
10293 54 50
10294 62 8
10295 63 49
10296 66 5
10297 62 12
10298 64 22
10299 69 44
10300 57 2
10301 53 41
10302 58 3
10303 67 49
10304 53 12
10305 60 27
10306 44 1
10307 43 23
10308 53 17
10309 50 13
10310 53 1
10311 66 42
10312 42 28
10313 63 5
10314 43 4
10315 69 44
10316 58 19
10317 42 25
10318 47 27
10319 53 14
10320 48 39
10321 63 28
10322 69 47
10323 51 42
10324 51 18
10325 69 39
10326 50 26
10327 63 18
10328 41 10
10329 54 10
10330 55 0
10331 69 27
10332 60 0
10333 43 5
10334 44 49
10335 64 34
10336 43 33
10337 51 2
10338 57 0
10339 60 38
10340 55 31
10341 66 27
10342 47 33
10343 48 10
10344 59 48
10345 61 29
10346 69 28
10347 42 35
10348 64 33
10349 69 6
10350 50 13
10351 48 25
10352 66 4
10353 40 34
10354 57 3
10355 66 4
10356 63 15
10357 53 13
10358 61 13
10359 49 31
10360 56 13
10361 48 35
10362 70 18
10363 62 38
10364 63 17
10365 56 46
10366 42 13
10367 52 14
10368 62 5
10369 48 31
10370 56 22
10371 46 4
10372 43 10
10373 59 23
10374 41 42
10375 52 0
10376 47 1
10377 68 6
10378 43 12
10379 67 37
10380 70 0
10381 58 23
10382 58 30
10383 50 19
10384 66 18
10385 62 46
10386 43 10
10387 52 22
10388 42 6
10389 67 32
10390 42 38
10391 40 48
10392 51 36
10393 46 33
10394 67 9
10395 70 8
10396 46 28
10397 49 46
10398 63 16
10399 60 27
10400 42 45
10401 46 18
10402 52 43
10403 50 36
10404 65 21
10405 42 36
10406 58 47
10407 58 7
10408 53 29
10409 68 31
10410 61 27
10411 56 34
10412 53 40
10413 55 19
10414 56 19
10415 57 17
10416 64 43
10417 58 43
10418 49 39
10419 64 39
10420 61 1
10421 44 50
10422 52 41
10423 68 6
10424 67 16
10425 52 30
10426 44 29
10427 44 0
10428 55 23
10429 60 35
10430 52 35
10431 50 45
10432 53 20
10433 47 41
10434 44 6
10435 59 18
10436 52 35
10437 63 26
10438 43 45
10439 44 23
10440 69 43
10441 52 31
10442 46 7
10443 61 28
10444 41 6
10445 68 42
10446 62 2
10447 47 6
10448 48 5
10449 53 21
10450 45 35
10451 48 26
10452 45 16
10453 41 18
10454 47 2
10455 54 12
10456 57 14
10457 49 32
10458 65 10
10459 47 16
10460 63 20
10461 60 15
10462 70 6
10463 53 42
10464 49 13
10465 42 13
10466 49 44
10467 68 7
10468 41 4
10469 64 4
10470 52 3
10471 56 37
10472 45 4
10473 52 1
10474 61 34
10475 63 30
10476 56 35
10477 66 5
10478 46 20
10479 64 0
10480 51 16
10481 41 34
10482 46 44
10483 44 33
10484 49 18
10485 51 7
10486 56 5
10487 47 3
10488 61 37
10489 51 11
10490 46 16
10491 63 16
10492 44 16
10493 59 5
10494 60 26
10495 62 11
10496 59 14
10497 67 44
10498 45 19
10499 58 24
10500 51 23
10501 62 36
10502 42 11
10503 51 16
10504 49 46
10505 64 48
10506 43 5
10507 64 1
10508 61 45
10509 68 41
10510 62 18
10511 57 42
10512 50 29
10513 41 27
10514 53 23
10515 63 25
10516 67 11
10517 62 37
10518 44 19
10519 48 16
10520 59 11
10521 60 42
10522 67 8
10523 53 16
10524 40 44
10525 70 29
10526 70 1
10527 41 40
10528 41 5
10529 56 22
10530 59 44
10531 66 15
10532 64 17
10533 69 28
10534 66 7
10535 58 49
10536 43 47
10537 48 46
10538 64 14
10539 48 19
10540 69 46
10541 63 1
10542 57 15
10543 49 31
10544 48 1
10545 53 14
10546 59 6
10547 69 9
10548 65 42
10549 51 12
10550 58 43
10551 49 30
10552 50 21
10553 47 17
10554 70 49
10555 50 49
10556 47 45
10557 44 28
10558 56 1
10559 67 49
10560 69 39
10561 46 41
10562 67 28
10563 54 45
10564 70 15
10565 41 25
10566 40 40
10567 69 13
10568 68 11
10569 70 23
10570 60 42
10571 44 23
10572 59 9
10573 70 3
10574 47 3
10575 64 17
10576 55 3
10577 43 38
10578 44 22
10579 70 48
10580 66 39
10581 59 46
10582 51 20
10583 59 0
10584 47 14
10585 70 45
10586 43 14
10587 65 19
10588 65 17
10589 68 29
10590 58 22
10591 52 47
10592 58 6
10593 42 0
10594 51 13
10595 69 42
10596 49 34
10597 49 14
10598 55 19
10599 61 0
10600 47 41
10601 58 1
10602 64 21
10603 44 37
10604 51 46
10605 57 24
10606 46 50
10607 55 31
10608 51 25
10609 45 46
10610 70 27
10611 49 37
10612 67 26
10613 41 7
10614 65 17
10615 44 6
10616 57 44
10617 47 45
10618 67 4
10619 63 24
10620 40 37
10621 53 36
10622 50 34
10623 41 24
10624 58 17
10625 50 33
10626 64 4
10627 48 18
10628 42 13
10629 65 1
10630 40 33
10631 58 38
10632 64 41
10633 67 8
10634 58 35
10635 52 38
10636 65 45
10637 57 11
10638 60 32
10639 40 29
10640 52 49
10641 52 8
10642 47 31
10643 68 42
10644 42 0
10645 56 47
10646 51 44
10647 70 18
10648 50 33
10649 49 47
10650 49 20
10651 63 42
10652 56 35
10653 44 35
10654 64 11
10655 46 2
10656 53 48
10657 44 28
10658 65 50
10659 66 42
10660 41 43
10661 50 44
10662 56 19
10663 54 31
10664 47 18
10665 48 34
10666 62 48
10667 47 18
10668 64 31
10669 70 1
10670 44 46
10671 66 4
10672 47 18
10673 69 12
10674 58 11
10675 40 46
10676 58 29
10677 44 34
10678 54 44
10679 62 43
10680 41 42
10681 51 10
10682 57 6
10683 57 16
10684 52 34
10685 68 5
10686 60 42
10687 61 41
10688 46 21
10689 61 2
10690 40 45
10691 58 30
10692 60 20
10693 42 36
10694 66 11
10695 59 42
10696 55 20
10697 41 34
10698 63 19
10699 52 23
10700 63 21
10701 70 45
10702 44 50
10703 62 44
10704 42 50
10705 44 40
10706 52 39
10707 64 16
10708 50 6
10709 42 12
10710 53 45
10711 40 31
10712 64 22
10713 50 32
10714 55 36
10715 52 40
10716 61 24
10717 40 20
10718 46 23
10719 60 49
10720 60 17
10721 56 14
10722 66 46
10723 42 31
10724 66 5
10725 44 49
10726 68 17
10727 54 28
10728 56 15
10729 61 2
10730 54 25
10731 68 34
10732 49 31
10733 53 47
10734 57 30
10735 43 31
10736 64 34
10737 49 41
10738 46 16
10739 60 11
10740 50 21
10741 66 26
10742 42 27
10743 70 34
10744 40 19
10745 54 38
10746 46 14
10747 68 2
10748 66 25
10749 61 49
10750 52 13
10751 48 46
10752 68 22
10753 65 36
10754 47 47
10755 57 48
10756 52 2
10757 69 45
10758 55 39
10759 46 19
10760 41 45
10761 43 14
10762 48 33
10763 49 5
10764 61 15
10765 70 19
10766 64 31
10767 61 11
10768 55 24
10769 44 44
10770 68 11
10771 40 14
10772 50 15
10773 54 49
10774 64 50
10775 68 7
10776 43 13
10777 69 40
10778 48 31
10779 46 33
10780 68 8
10781 52 28
10782 41 9
10783 47 29
10784 47 9
10785 50 48
10786 50 17
10787 64 38
10788 69 30
10789 53 19
10790 45 7
10791 51 20
10792 46 48
10793 51 30
10794 46 0
10795 44 46
10796 57 12
10797 56 33
10798 44 30
10799 40 19
10800 45 34
10801 63 37
10802 70 24
10803 60 20
10804 61 17
10805 50 23
10806 53 25
10807 63 26
10808 43 5
10809 61 16
10810 45 50
10811 64 24
10812 59 3
10813 69 27
10814 46 11
10815 46 3
10816 49 25
10817 63 2
10818 58 46
10819 67 0
10820 47 20
10821 56 12
10822 67 13
10823 56 48
10824 56 47
10825 65 16
10826 62 24
10827 65 29
10828 40 16
10829 43 13
10830 68 37
10831 56 43
10832 50 4
10833 68 2
10834 61 38
10835 55 31
10836 45 49
10837 44 40
10838 43 40
10839 48 13
10840 50 13
10841 64 11
10842 60 9
10843 64 7
10844 50 47
10845 49 34
10846 40 12
10847 51 9
10848 42 11
10849 55 30
10850 44 13
10851 50 46
10852 45 34
10853 67 33
10854 61 43
10855 52 50
10856 48 34
10857 59 40
10858 60 24
10859 48 11
10860 69 18
10861 46 48
10862 42 0
10863 63 26
10864 52 37
10865 57 16
10866 56 37
10867 40 13
10868 48 28
10869 64 19
10870 51 44
10871 63 25
10872 47 0
10873 49 47
10874 41 15
10875 68 36
10876 46 36
10877 59 45
10878 57 36
10879 70 18
10880 68 15
10881 64 8
10882 64 7
10883 70 4
10884 58 21
10885 41 47
10886 49 40
10887 57 19
10888 63 1
10889 51 40
10890 40 44
10891 45 28
10892 64 13
10893 46 10
10894 65 46
10895 54 0
10896 57 28
10897 63 25
10898 47 42
10899 56 16
10900 68 38
10901 47 10
10902 53 28
10903 45 14
10904 59 17
10905 42 29
10906 63 45
10907 40 18
10908 56 18
10909 50 2
10910 62 0
10911 62 45
10912 43 40
10913 44 23
10914 65 10
10915 49 23
10916 47 21
10917 69 20
10918 48 42
10919 69 4
10920 60 27
10921 41 8
10922 65 33
10923 60 45
10924 58 7
10925 55 2
10926 41 29
10927 40 1
10928 64 24
10929 43 36
10930 45 16
10931 66 31
10932 64 4
10933 62 18
10934 43 16
10935 63 25
10936 59 10
10937 48 6
10938 40 35
10939 49 12
10940 45 14
10941 64 10
10942 54 36
10943 57 3
10944 42 11
10945 45 7
10946 50 0
10947 66 10
10948 64 7
10949 60 28
10950 40 16
10951 43 11
10952 52 23
10953 51 31
10954 55 4
10955 68 31
10956 52 39
10957 61 31
10958 68 35
10959 67 31
10960 48 37
10961 65 29
10962 50 10
10963 41 20
10964 66 29
10965 45 46
10966 41 13
10967 61 13
10968 42 2
10969 53 49
10970 40 5
10971 44 2
10972 48 26
10973 47 25
10974 70 38
10975 60 26
10976 60 15
10977 52 6
10978 52 14
10979 51 25
10980 62 36
10981 55 2
10982 66 47
10983 46 35
10984 70 24
10985 60 8
10986 47 50
10987 70 9
10988 41 41
10989 43 42
10990 57 48
10991 67 44
10992 41 19
10993 57 20
10994 51 46
10995 47 4
10996 48 44
10997 45 11
10998 64 3
10999 68 0
11000 40 37
