12001 65 41
12002 41 13
12003 61 4
12004 69 12
12005 62 36
12006 42 50
12007 63 13
12008 44 6
12009 43 32
12010 50 32
12011 52 29
12012 43 32
12013 63 26
12014 56 9
12015 50 9
12016 46 13
12017 49 33
12018 55 18
12019 54 3
12020 64 19
12021 53 2
12022 51 32
12023 62 24
12024 40 17
12025 54 27
12026 44 40
12027 45 19
12028 62 27
12029 61 46
12030 67 10
12031 50 28
12032 69 17
12033 62 34
12034 47 4
12035 62 22
12036 40 25
12037 65 32
12038 58 4
12039 60 45
12040 49 8
12041 51 18
12042 44 41
12043 40 47
12044 49 8
12045 48 42
12046 40 17
12047 65 24
12048 70 14
12049 63 16
12050 53 18
12051 41 12
12052 56 19
12053 52 43
12054 58 44
12055 46 32
12056 65 39
12057 62 34
12058 66 10
12059 69 6
12060 66 10
12061 50 31
12062 57 34
12063 47 12
12064 42 27
12065 59 22
12066 47 6
12067 67 32
12068 70 41
12069 52 5
12070 69 45
12071 69 13
12072 43 2
12073 59 26
12074 66 15
12075 56 13
12076 67 25
12077 44 47
12078 65 27
12079 44 18
12080 58 27
12081 68 46
12082 60 12
12083 40 39
12084 65 42
12085 58 11
12086 40 10
12087 52 14
12088 51 37
12089 57 16
12090 63 50
12091 67 2
12092 52 1
12093 62 11
12094 47 23
12095 65 31
12096 45 39
12097 41 23
12098 48 10
12099 66 4
12100 54 44
12101 62 36
12102 43 4
12103 47 49
12104 49 37
12105 51 16
12106 63 28
12107 57 15
12108 44 27
12109 40 19
12110 43 15
12111 47 29
12112 41 50
12113 50 37
12114 62 46
12115 48 2
12116 57 7
12117 66 23
12118 54 43
12119 64 25
12120 63 5
12121 53 2
12122 58 40
12123 63 50
12124 48 10
12125 46 40
12126 47 32
12127 49 40
12128 58 18
12129 46 11
12130 46 22
12131 51 14
12132 56 42
12133 64 25
12134 53 37
12135 51 4
12136 62 27
12137 69 38
12138 48 28
12139 63 38
12140 53 44
12141 50 18
12142 70 17
12143 62 4
12144 57 46
12145 58 25
12146 53 22
12147 68 32
12148 50 3
12149 52 6
12150 64 47
12151 70 17
12152 58 50
12153 60 48
12154 70 34
12155 44 35
12156 69 45
12157 64 26
12158 57 17
12159 47 7
12160 70 13
12161 42 0
12162 66 46
12163 70 24
12164 57 11
12165 54 27
12166 63 38
12167 60 28
12168 57 20
12169 50 21
12170 42 41
12171 49 2
12172 55 24
12173 67 48
12174 50 39
12175 66 25
12176 47 31
12177 42 28
12178 49 20
12179 57 32
12180 69 22
12181 43 39
12182 69 40
12183 48 9
12184 52 1
12185 53 31
12186 63 22
12187 40 26
12188 68 33
12189 42 23
12190 44 43
12191 58 23
12192 46 47
12193 50 20
12194 49 29
12195 62 19
12196 68 46
12197 60 50
12198 53 2
12199 57 40
12200 61 13
12201 50 25
12202 49 38
12203 56 37
12204 53 0
12205 61 10
12206 46 41
12207 65 49
12208 43 43
12209 42 7
12210 56 16
12211 66 22
12212 68 39
12213 67 19
12214 40 25
12215 47 7
12216 57 25
12217 40 16
12218 51 6
12219 55 50
12220 63 16
12221 59 31
12222 59 27
12223 44 48
12224 63 40
12225 68 22
12226 67 46
12227 46 22
12228 57 38
12229 61 18
12230 69 1
12231 67 37
12232 42 32
12233 67 11
12234 43 26
12235 61 24
12236 61 2
12237 59 43
12238 57 20
12239 57 5
12240 49 33
12241 53 15
12242 46 2
12243 42 5
12244 40 20
12245 65 33
12246 47 7
12247 55 10
12248 58 20
12249 40 23
12250 62 33
12251 46 22
12252 43 39
12253 42 13
12254 61 36
12255 69 24
12256 64 20
12257 59 34
12258 40 45
12259 53 24
12260 65 14
12261 69 13
12262 48 47
12263 42 5
12264 57 39
12265 63 39
12266 59 46
12267 68 3
12268 40 49
12269 61 41
12270 50 29
12271 50 32
12272 59 18
12273 57 31
12274 47 45
12275 69 3
12276 63 5
12277 47 36
12278 67 34
12279 52 50
12280 60 12
12281 41 39
12282 43 4
12283 52 19
12284 62 23
12285 56 16
12286 63 5
12287 60 9
12288 58 39
12289 42 45
12290 62 45
12291 61 38
12292 46 43
12293 40 7
12294 65 43
12295 63 1
12296 63 45
12297 49 45
12298 62 30
12299 55 39
12300 44 49
12301 65 18
12302 40 9
12303 45 29
12304 63 41
12305 65 49
12306 46 50
12307 45 16
12308 56 2
12309 69 26
12310 47 40
12311 54 22
12312 49 18
12313 48 13
12314 53 23
12315 48 34
12316 67 44
12317 62 31
12318 46 33
12319 49 35
12320 55 9
12321 56 44
12322 63 15
12323 69 46
12324 60 19
12325 52 28
12326 55 34
12327 54 33
12328 42 6
12329 53 22
12330 55 22
12331 62 38
12332 46 35
12333 69 21
12334 58 42
12335 43 6
12336 49 23
12337 40 14
12338 68 34
12339 40 15
12340 45 29
12341 47 21
12342 62 25
12343 45 49
12344 62 10
12345 70 45
12346 59 48
12347 50 28
12348 45 28
12349 51 3
12350 40 33
12351 41 21
12352 49 37
12353 70 35
12354 42 49
12355 61 40
12356 60 49
12357 51 11
12358 44 22
12359 46 16
12360 59 16
12361 59 35
12362 67 15
12363 63 4
12364 50 22
12365 45 35
12366 50 1
12367 64 50
12368 65 6
12369 64 25
12370 46 24
12371 53 20
12372 66 19
12373 66 22
12374 66 31
12375 48 35
12376 56 5
12377 67 2
12378 49 40
12379 52 13
12380 58 36
12381 65 10
12382 50 43
12383 41 32
12384 52 50
12385 51 38
12386 64 24
12387 41 7
12388 42 17
12389 61 14
12390 48 15
12391 48 6
12392 61 24
12393 70 9
12394 56 8
12395 46 11
12396 51 6
12397 48 20
12398 65 41
12399 46 15
12400 44 39
12401 59 15
12402 63 38
12403 53 8
12404 49 20
12405 41 34
12406 70 49
12407 65 13
12408 66 22
12409 69 49
12410 62 46
12411 41 30
12412 57 9
12413 69 46
12414 48 9
12415 55 29
12416 57 16
12417 65 7
12418 41 5
12419 70 10
12420 63 42
12421 63 45
12422 57 17
12423 53 6
12424 67 2
12425 66 32
12426 61 27
12427 56 31
12428 57 14
12429 54 29
12430 55 11
12431 56 2
12432 46 45
12433 54 10
12434 45 0
12435 51 20
12436 69 33
12437 47 44
12438 41 34
12439 42 41
12440 57 27
12441 51 42
12442 43 49
12443 55 13
12444 52 34
12445 55 8
12446 61 22
12447 42 14
12448 42 43
12449 62 20
12450 46 7
12451 49 21
12452 69 39
12453 62 8
12454 62 15
12455 41 36
12456 55 7
12457 61 18
12458 43 30
12459 56 43
12460 41 38
12461 43 28
12462 60 28
12463 40 20
12464 70 10
12465 55 48
12466 58 30
12467 61 24
12468 60 26
12469 49 44
12470 55 26
12471 63 43
12472 68 13
12473 49 27
12474 65 1
12475 65 8
12476 40 48
12477 53 8
12478 62 40
12479 59 1
12480 62 26
12481 70 25
12482 54 26
12483 58 20
12484 57 23
12485 55 14
12486 50 16
12487 59 46
12488 68 12
12489 40 0
12490 60 5
12491 53 5
12492 69 9
12493 56 1
12494 47 49
12495 59 36
12496 63 0
12497 45 46
12498 43 23
12499 58 2
12500 47 13
12501 68 46
12502 46 23
12503 58 26
12504 44 26
12505 56 28
12506 51 20
12507 45 50
12508 58 15
12509 67 11
12510 58 49
12511 70 35
12512 64 1
12513 64 12
12514 55 11
12515 42 11
12516 54 23
12517 52 4
12518 55 22
12519 47 44
12520 47 26
12521 57 28
12522 67 40
12523 54 3
12524 61 23
12525 58 24
12526 47 40
12527 57 37
12528 51 16
12529 51 32
12530 69 3
12531 50 30
12532 70 45
12533 45 17
12534 52 36
12535 65 40
12536 57 41
12537 62 17
12538 58 20
12539 63 16
12540 42 48
12541 51 9
12542 54 8
12543 40 19
12544 51 48
12545 70 6
12546 40 15
12547 53 6
12548 66 33
12549 50 43
12550 46 29
12551 49 9
12552 47 37
12553 56 47
12554 40 18
12555 47 42
12556 60 33
12557 57 41
12558 64 41
12559 67 41
12560 68 0
12561 56 43
12562 70 30
12563 51 36
12564 54 41
12565 42 20
12566 62 7
12567 51 25
12568 48 1
12569 50 36
12570 58 33
12571 67 38
12572 58 16
12573 61 37
12574 59 9
12575 65 17
12576 68 3
12577 57 0
12578 46 47
12579 61 43
12580 50 5
12581 57 35
12582 63 2
12583 41 19
12584 41 35
12585 48 42
12586 47 15
12587 58 17
12588 60 16
12589 50 16
12590 44 28
12591 58 6
12592 64 4
12593 52 1
12594 63 14
12595 53 34
12596 51 44
12597 40 17
12598 47 49
12599 46 15
12600 61 39
12601 40 33
12602 45 20
12603 52 40
12604 62 10
12605 69 5
12606 68 22
12607 66 19
12608 63 13
12609 48 25
12610 70 41
12611 44 36
12612 40 20
12613 45 22
12614 41 40
12615 45 8
12616 68 7
12617 56 8
12618 63 35
12619 55 16
12620 65 28
12621 63 9
12622 53 45
12623 47 1
12624 61 16
12625 47 17
12626 66 37
12627 68 16
12628 48 2
12629 59 20
12630 69 25
12631 67 6
12632 50 9
12633 57 43
12634 57 0
12635 57 2
12636 69 0
12637 45 36
12638 56 41
12639 70 39
12640 44 48
12641 53 37
12642 70 14
12643 45 1
12644 63 24
12645 54 45
12646 55 43
12647 48 30
12648 62 10
12649 63 3
12650 50 22
12651 42 23
12652 58 12
12653 65 6
12654 46 21
12655 45 27
12656 60 20
12657 43 18
12658 70 47
12659 61 1
12660 56 7
12661 55 8
12662 70 9
12663 53 10
12664 61 16
12665 44 13
12666 64 21
12667 53 35
12668 66 29
12669 59 50
12670 47 18
12671 61 26
12672 54 43
12673 68 12
12674 56 46
12675 55 37
12676 50 33
12677 60 38
12678 52 27
12679 62 10
12680 67 16
12681 65 30
12682 61 24
12683 44 37
12684 46 27
12685 40 44
12686 52 31
12687 50 33
12688 60 41
12689 50 33
12690 45 34
12691 59 13
12692 40 17
12693 42 11
12694 41 39
12695 68 46
12696 52 33
12697 52 48
12698 59 34
12699 47 32
12700 40 36
12701 69 25
12702 41 4
12703 61 3
12704 44 28
12705 45 26
12706 46 30
12707 59 24
12708 66 0
12709 54 4
12710 49 40
12711 43 42
12712 68 29
12713 51 38
12714 66 31
12715 46 25
12716 48 7
12717 42 50
12718 43 10
12719 67 40
12720 48 45
12721 70 29
12722 51 11
12723 61 26
12724 40 3
12725 50 25
12726 51 31
12727 43 29
12728 64 28
12729 55 15
12730 55 43
12731 61 23
12732 53 12
12733 58 26
12734 68 31
12735 48 31
12736 52 50
12737 45 3
12738 51 25
12739 69 12
12740 70 29
12741 59 50
12742 56 48
12743 54 13
12744 62 16
12745 43 7
12746 67 21
12747 42 28
12748 43 45
12749 59 3
12750 59 6
12751 46 41
12752 52 6
12753 58 45
12754 52 31
12755 52 15
12756 49 0
12757 53 14
12758 50 15
12759 57 37
12760 66 48
12761 58 32
12762 65 21
12763 56 19
12764 56 49
12765 44 9
12766 54 7
12767 50 38
12768 61 18
12769 62 34
12770 50 18
12771 53 43
12772 69 7
12773 70 4
12774 56 30
12775 68 3
12776 60 50
12777 63 5
12778 66 10
12779 55 2
12780 58 28
12781 48 33
12782 51 42
12783 66 22
12784 43 23
12785 48 0
12786 70 45
12787 66 12
12788 41 17
12789 67 25
12790 65 35
12791 42 40
12792 60 2
12793 62 10
12794 64 24
12795 62 33
12796 43 48
12797 66 0
12798 65 14
12799 47 7
12800 52 11
12801 58 22
12802 40 41
12803 51 49
12804 53 30
12805 70 32
12806 56 22
12807 55 13
12808 52 4
12809 40 10
12810 63 25
12811 60 44
12812 59 24
12813 69 36
12814 55 39
12815 44 15
12816 66 23
12817 61 43
12818 48 3
12819 55 33
12820 41 30
12821 45 27
12822 62 6
12823 66 14
12824 63 41
12825 47 23
12826 58 19
12827 43 8
12828 53 11
12829 46 19
12830 47 45
12831 58 20
12832 49 8
12833 59 38
12834 40 3
12835 62 47
12836 44 24
12837 48 19
12838 60 40
12839 42 13
12840 49 27
12841 55 5
12842 70 46
12843 54 2
12844 48 38
12845 69 36
12846 62 15
12847 55 25
12848 64 10
12849 49 20
12850 57 27
12851 61 13
12852 48 3
12853 69 46
12854 67 3
12855 67 44
12856 58 38
12857 53 14
12858 56 1
12859 60 11
12860 43 3
12861 47 26
12862 59 28
12863 65 36
12864 67 7
12865 64 36
12866 48 27
12867 69 17
12868 51 2
12869 60 46
12870 54 33
12871 44 40
12872 70 28
12873 44 0
12874 52 35
12875 53 35
12876 53 36
12877 43 1
12878 54 47
12879 44 29
12880 66 17
12881 42 12
12882 44 35
12883 48 30
12884 68 1
12885 41 13
12886 43 24
12887 54 30
12888 70 19
12889 59 50
12890 45 27
12891 61 15
12892 53 33
12893 62 20
12894 56 41
12895 46 41
12896 48 19
12897 69 35
12898 43 18
12899 68 27
12900 43 2
12901 51 27
12902 59 36
12903 49 47
12904 61 35
12905 70 46
12906 56 4
12907 43 42
12908 59 11
12909 59 9
12910 59 40
12911 49 43
12912 62 23
12913 40 21
12914 55 34
12915 56 45
12916 40 39
12917 40 35
12918 68 31
12919 48 46
12920 58 50
12921 61 41
12922 51 48
12923 41 35
12924 42 9
12925 50 6
12926 59 48
12927 43 10
12928 66 45
12929 55 17
12930 42 45
12931 47 18
12932 53 23
12933 40 10
12934 61 47
12935 43 15
12936 49 39
12937 64 31
12938 45 8
12939 51 7
12940 41 13
12941 40 38
12942 59 24
12943 61 16
12944 58 13
12945 50 2
12946 69 0
12947 52 18
12948 53 48
12949 64 29
12950 47 34
12951 69 26
12952 54 17
12953 55 9
12954 59 23
12955 50 38
12956 66 42
12957 46 49
12958 60 24
12959 61 18
12960 59 6
12961 63 0
12962 42 14
12963 50 6
12964 41 24
12965 40 34
12966 60 1
12967 67 14
12968 67 40
12969 51 45
12970 60 2
12971 52 44
12972 48 43
12973 60 5
12974 60 42
12975 57 12
12976 62 7
12977 42 8
12978 56 46
12979 56 30
12980 61 40
12981 40 24
12982 44 39
12983 42 35
12984 51 13
12985 49 10
12986 48 23
12987 41 30
12988 61 33
12989 45 29
12990 63 27
12991 49 27
12992 57 32
12993 65 19
12994 64 21
12995 56 12
12996 56 14
12997 45 2
12998 65 48
12999 46 6
13000 40 4
