13001 47 29
13002 67 7
13003 62 29
13004 62 14
13005 54 14
13006 58 12
13007 69 46
13008 45 26
13009 40 41
13010 50 44
13011 61 24
13012 63 48
13013 70 41
13014 40 47
13015 44 1
13016 58 0
13017 68 34
13018 61 29
13019 61 41
13020 59 33
13021 52 47
13022 67 28
13023 66 33
13024 49 23
13025 43 35
13026 43 25
13027 50 14
13028 66 19
13029 64 17
13030 60 20
13031 69 15
13032 52 20
13033 42 32
13034 62 25
13035 69 5
13036 54 30
13037 67 34
13038 60 23
13039 60 38
13040 47 0
13041 63 21
13042 48 26
13043 44 27
13044 62 29
13045 46 50
13046 57 14
13047 63 22
13048 55 1
13049 67 50
13050 44 6
13051 68 49
13052 65 19
13053 54 1
13054 47 41
13055 70 37
13056 58 37
13057 55 0
13058 70 49
13059 62 17
13060 57 6
13061 68 44
13062 40 40
13063 40 12
13064 44 15
13065 67 26
13066 57 22
13067 49 36
13068 49 24
13069 55 49
13070 41 15
13071 64 5
13072 53 10
13073 46 13
13074 69 49
13075 66 12
13076 41 21
13077 46 42
13078 42 26
13079 54 18
13080 70 9
13081 49 36
13082 65 23
13083 50 0
13084 63 13
13085 59 48
13086 54 41
13087 50 6
13088 42 36
13089 44 3
13090 62 21
13091 53 46
13092 54 49
13093 53 12
13094 64 40
13095 67 22
13096 68 15
13097 51 49
13098 69 14
13099 56 44
13100 50 2
13101 56 41
13102 59 17
13103 43 22
13104 44 7
13105 53 24
13106 56 19
13107 67 0
13108 69 3
13109 58 36
13110 64 18
13111 41 39
13112 53 0
13113 58 23
13114 50 15
13115 69 11
13116 64 35
13117 49 11
13118 47 47
13119 62 1
13120 50 21
13121 66 11
13122 58 50
13123 56 4
13124 53 14
13125 62 5
13126 66 35
13127 44 6
13128 50 50
13129 48 50
13130 48 30
13131 61 6
13132 56 26
13133 52 48
13134 70 23
13135 40 27
13136 65 22
13137 48 33
13138 57 26
13139 58 37
13140 46 26
13141 57 38
13142 63 42
13143 64 36
13144 40 49
13145 48 21
13146 70 26
13147 52 36
13148 57 35
13149 42 0
13150 60 20
13151 61 33
13152 51 21
13153 55 35
13154 48 18
13155 60 29
13156 66 0
13157 52 19
13158 58 2
13159 44 33
13160 59 48
13161 41 16
13162 53 17
13163 63 23
13164 44 20
13165 46 11
13166 66 17
13167 43 30
13168 60 29
13169 49 41
13170 58 1
13171 46 2
13172 47 8
13173 50 49
13174 46 39
13175 58 3
13176 58 41
13177 70 24
13178 63 1
13179 47 9
13180 46 47
13181 66 17
13182 68 21
13183 46 9
13184 46 48
13185 66 46
13186 45 28
13187 63 4
13188 49 30
13189 69 5
13190 69 44
13191 57 3
13192 68 31
13193 51 21
13194 63 50
13195 56 23
13196 59 3
13197 58 30
13198 58 47
13199 69 21
13200 69 31
13201 66 38
13202 44 47
13203 63 8
13204 52 15
13205 69 20
13206 47 6
13207 48 15
13208 44 15
13209 42 36
13210 70 4
13211 68 40
13212 56 23
13213 51 26
13214 69 14
13215 46 18
13216 52 42
13217 55 16
13218 49 17
13219 56 24
13220 58 30
13221 41 10
13222 59 42
13223 40 14
13224 41 7
13225 51 14
13226 60 3
13227 59 22
13228 70 40
13229 53 42
13230 53 43
13231 43 43
13232 65 25
13233 70 41
13234 52 44
13235 46 12
13236 41 9
13237 70 38
13238 45 35
13239 63 9
13240 70 50
13241 66 34
13242 64 49
13243 48 28
13244 57 17
13245 40 28
13246 62 20
13247 48 39
13248 63 35
13249 51 10
13250 42 17
13251 56 41
13252 47 11
13253 69 22
13254 68 30
13255 51 26
13256 40 2
13257 50 36
13258 47 44
13259 66 33
13260 64 20
13261 43 38
13262 51 50
13263 67 47
13264 63 34
13265 60 18
13266 49 39
13267 64 26
13268 40 28
13269 52 28
13270 58 30
13271 53 23
13272 50 30
13273 61 30
13274 67 21
13275 47 2
13276 57 31
13277 46 5
13278 60 45
13279 61 18
13280 44 10
13281 67 19
13282 63 28
13283 55 7
13284 46 5
13285 54 30
13286 58 22
13287 70 48
13288 70 24
13289 52 8
13290 44 9
13291 44 45
13292 45 9
13293 46 21
13294 50 32
13295 65 5
13296 65 4
13297 64 45
13298 57 27
13299 55 41
13300 67 7
13301 70 46
13302 46 20
13303 62 37
13304 48 19
13305 57 6
13306 44 19
13307 41 11
13308 66 21
13309 49 29
13310 49 50
13311 61 40
13312 67 33
13313 54 25
13314 57 13
13315 70 22
13316 57 46
13317 42 17
13318 60 26
13319 42 39
13320 53 48
13321 41 23
13322 62 26
13323 64 13
13324 57 33
13325 40 22
13326 63 22
13327 67 15
13328 66 14
13329 66 19
13330 65 22
13331 58 2
13332 43 37
13333 63 42
13334 63 32
13335 59 48
13336 69 49
13337 65 41
13338 67 6
13339 69 42
13340 62 40
13341 57 43
13342 45 1
13343 43 31
13344 41 4
13345 53 47
13346 53 42
13347 57 12
13348 67 34
13349 46 47
13350 47 24
13351 50 4
13352 57 9
13353 55 19
13354 49 3
13355 47 14
13356 45 10
13357 67 48
13358 69 25
13359 70 50
13360 63 13
13361 66 1
13362 69 1
13363 41 7
13364 61 2
13365 70 44
13366 61 40
13367 64 28
13368 55 0
13369 61 41
13370 48 41
13371 43 12
13372 58 44
13373 57 3
13374 59 38
13375 59 31
13376 53 22
13377 44 5
13378 66 18
13379 64 5
13380 65 45
13381 47 50
13382 41 49
13383 54 26
13384 48 36
13385 54 23
13386 56 7
13387 52 44
13388 48 44
13389 41 48
13390 55 49
13391 54 19
13392 43 9
13393 47 14
13394 57 21
13395 42 28
13396 40 30
13397 56 4
13398 56 6
13399 69 32
13400 56 47
13401 65 1
13402 41 42
13403 64 14
13404 57 6
13405 62 30
13406 48 35
13407 46 6
13408 58 30
13409 61 11
13410 65 47
13411 68 38
13412 60 13
13413 54 24
13414 58 15
13415 57 42
13416 52 12
13417 56 21
13418 51 44
13419 44 1
13420 48 33
13421 68 36
13422 48 38
13423 44 50
13424 57 8
13425 45 0
13426 58 8
13427 47 47
13428 42 33
13429 63 17
13430 66 31
13431 57 27
13432 57 9
13433 70 43
13434 60 48
13435 52 35
13436 57 26
13437 68 7
13438 46 40
13439 44 43
13440 58 46
13441 45 47
13442 51 40
13443 48 32
13444 58 27
13445 49 31
13446 64 44
13447 50 36
13448 46 32
13449 53 25
13450 45 22
13451 43 17
13452 57 14
13453 52 30
13454 67 27
13455 48 13
13456 63 49
13457 54 26
13458 63 12
13459 63 11
13460 67 14
13461 46 2
13462 68 16
13463 55 33
13464 54 29
13465 41 43
13466 61 40
13467 50 35
13468 42 35
13469 61 8
13470 41 39
13471 64 31
13472 53 28
13473 65 6
13474 62 40
13475 51 43
13476 47 25
13477 67 40
13478 42 43
13479 52 40
13480 41 35
13481 44 6
13482 61 23
13483 55 20
13484 49 47
13485 43 40
13486 46 33
13487 43 16
13488 41 39
13489 55 14
13490 47 40
13491 67 49
13492 63 19
13493 60 6
13494 65 2
13495 44 13
13496 55 3
13497 40 20
13498 70 20
13499 59 13
13500 46 37
13501 63 32
13502 47 24
13503 61 7
13504 61 48
13505 54 13
13506 47 8
13507 68 42
13508 52 8
13509 62 49
13510 67 9
13511 70 12
13512 66 2
13513 58 27
13514 68 25
13515 42 28
13516 68 22
13517 41 28
13518 42 43
13519 50 48
13520 60 20
13521 56 43
13522 61 9
13523 60 6
13524 48 7
13525 58 11
13526 43 43
13527 42 30
13528 59 32
13529 49 44
13530 40 12
13531 58 31
13532 64 32
13533 54 16
13534 60 46
13535 52 35
13536 67 1
13537 68 4
13538 51 1
13539 40 27
13540 62 15
13541 65 15
13542 54 38
13543 51 8
13544 56 41
13545 53 14
13546 40 0
13547 56 27
13548 52 16
13549 54 46
13550 52 46
13551 43 31
13552 49 23
13553 66 25
13554 62 0
13555 48 13
13556 40 11
13557 48 48
13558 50 47
13559 55 35
13560 48 26
13561 40 17
13562 46 22
13563 46 8
13564 45 9
13565 58 18
13566 55 12
13567 48 20
13568 70 4
13569 59 9
13570 40 27
13571 40 9
13572 54 8
13573 44 14
13574 53 45
13575 63 40
13576 56 16
13577 65 41
13578 65 28
13579 40 10
13580 62 16
13581 44 41
13582 68 25
13583 64 3
13584 69 30
13585 57 19
13586 66 32
13587 59 31
13588 67 30
13589 55 17
13590 56 13
13591 55 9
13592 46 29
13593 48 7
13594 68 38
13595 50 39
13596 70 8
13597 66 16
13598 63 43
13599 58 39
13600 46 5
13601 60 32
13602 61 40
13603 49 10
13604 64 17
13605 50 25
13606 45 47
13607 66 30
13608 69 22
13609 48 21
13610 65 9
13611 64 37
13612 65 44
13613 59 9
13614 58 23
13615 69 44
13616 45 31
13617 67 25
13618 55 2
13619 45 48
13620 68 7
13621 47 28
13622 66 19
13623 42 34
13624 40 13
13625 64 8
13626 60 7
13627 64 20
13628 60 17
13629 68 17
13630 49 17
13631 69 28
13632 48 39
13633 55 9
13634 64 0
13635 58 29
13636 50 30
13637 65 12
13638 58 23
13639 45 11
13640 64 13
13641 66 23
13642 41 48
13643 54 36
13644 40 36
13645 54 21
13646 50 31
13647 58 16
13648 57 11
13649 44 38
13650 68 20
13651 63 13
13652 70 34
13653 69 28
13654 62 27
13655 48 24
13656 62 5
13657 50 15
13658 69 38
13659 70 14
13660 52 27
13661 59 18
13662 66 23
13663 67 49
13664 48 37
13665 57 38
13666 46 2
13667 61 18
13668 60 40
13669 52 34
13670 54 46
13671 44 19
13672 59 46
13673 54 47
13674 54 14
13675 50 26
13676 69 19
13677 67 16
13678 53 50
13679 47 26
13680 62 24
13681 41 46
13682 47 7
13683 69 2
13684 43 46
13685 65 0
13686 50 31
13687 68 33
13688 61 9
13689 53 43
13690 56 12
13691 63 31
13692 58 22
13693 69 12
13694 46 29
13695 70 18
13696 54 13
13697 66 32
13698 45 7
13699 58 5
13700 41 19
13701 70 29
13702 47 37
13703 64 47
13704 49 6
13705 60 11
13706 43 32
13707 64 7
13708 70 48
13709 51 43
13710 57 27
13711 59 27
13712 50 25
13713 48 39
13714 60 43
13715 65 41
13716 56 11
13717 61 29
13718 59 6
13719 70 6
13720 62 42
13721 55 50
13722 65 32
13723 42 26
13724 63 20
13725 68 0
13726 66 3
13727 70 36
13728 67 43
13729 66 3
13730 45 43
13731 47 19
13732 61 49
13733 66 12
13734 44 24
13735 67 13
13736 48 26
13737 60 25
13738 65 15
13739 46 43
13740 41 36
13741 49 36
13742 43 15
13743 68 6
13744 67 3
13745 67 29
13746 62 21
13747 48 36
13748 42 3
13749 59 34
13750 40 26
13751 63 18
13752 67 5
13753 45 43
13754 67 32
13755 60 47
13756 46 11
13757 53 23
13758 49 32
13759 68 27
13760 69 34
13761 64 20
13762 45 2
13763 65 37
13764 62 35
13765 69 7
13766 58 29
13767 49 12
13768 49 28
13769 57 19
13770 66 36
13771 60 34
13772 46 0
13773 46 38
13774 49 10
13775 45 47
13776 68 8
13777 68 14
13778 41 5
13779 66 17
13780 56 21
13781 48 45
13782 65 14
13783 55 34
13784 53 9
13785 51 17
13786 48 20
13787 64 38
13788 66 42
13789 63 50
13790 58 39
13791 67 42
13792 44 47
13793 45 4
13794 43 33
13795 55 12
13796 64 48
13797 62 13
13798 65 22
13799 70 47
13800 46 24
13801 57 11
13802 45 36
13803 70 25
13804 69 37
13805 41 27
13806 58 46
13807 51 23
13808 47 11
13809 48 8
13810 56 46
13811 69 35
13812 54 42
13813 47 26
13814 60 49
13815 61 14
13816 51 41
13817 63 25
13818 47 43
13819 47 2
13820 62 32
13821 47 5
13822 65 45
13823 44 41
13824 44 18
13825 52 33
13826 40 26
13827 49 46
13828 44 6
13829 45 7
13830 51 43
13831 45 44
13832 57 48
13833 57 3
13834 47 14
13835 56 50
13836 64 15
13837 59 25
13838 51 42
13839 65 43
13840 52 29
13841 67 43
13842 64 48
13843 62 50
13844 61 49
13845 64 49
13846 66 23
13847 67 48
13848 52 7
13849 61 24
13850 65 24
13851 48 24
13852 48 35
13853 48 13
13854 55 16
13855 45 47
13856 54 31
13857 46 33
13858 58 23
13859 60 50
13860 40 45
13861 50 15
13862 60 36
13863 50 20
13864 47 40
13865 66 22
13866 57 42
13867 47 47
13868 66 38
13869 70 21
13870 70 40
13871 61 43
13872 44 7
13873 69 30
13874 41 0
13875 40 29
13876 63 0
13877 65 15
13878 42 28
13879 59 46
13880 65 18
13881 61 22
13882 67 50
13883 50 12
13884 40 1
13885 53 29
13886 42 28
13887 43 34
13888 62 22
13889 57 31
13890 49 49
13891 57 41
13892 67 5
13893 62 41
13894 63 18
13895 61 10
13896 45 39
13897 49 14
13898 55 9
13899 53 12
13900 50 24
13901 56 2
13902 49 43
13903 55 5
13904 48 8
13905 47 29
13906 46 35
13907 49 16
13908 68 0
13909 49 4
13910 55 11
13911 67 33
13912 60 47
13913 68 40
13914 48 4
13915 69 13
13916 56 49
13917 46 22
13918 57 46
13919 42 4
13920 48 35
13921 63 45
13922 40 18
13923 44 16
13924 51 10
13925 55 6
13926 55 37
13927 54 36
13928 59 7
13929 62 9
13930 62 13
13931 44 38
13932 70 11
13933 41 21
13934 63 5
13935 66 21
13936 60 33
13937 47 23
13938 55 32
13939 58 41
13940 53 37
13941 52 35
13942 43 5
13943 58 8
13944 57 18
13945 64 6
13946 61 29
13947 59 47
13948 63 26
13949 45 20
13950 66 11
13951 67 43
13952 40 0
13953 57 6
13954 55 37
13955 62 12
13956 58 37
13957 63 49
13958 69 29
13959 61 8
13960 61 50
13961 56 49
13962 52 37
13963 44 34
13964 50 32
13965 61 19
13966 42 12
13967 52 21
13968 50 9
13969 63 4
13970 40 33
13971 47 16
13972 50 13
13973 56 39
13974 51 4
13975 69 6
13976 63 8
13977 58 19
13978 55 11
13979 44 21
13980 52 21
13981 63 17
13982 40 40
13983 55 27
13984 55 24
13985 58 43
13986 57 26
13987 42 44
13988 43 18
13989 40 3
13990 46 8
13991 57 29
13992 40 45
13993 49 32
13994 63 43
13995 59 30
13996 42 27
13997 54 39
13998 43 7
13999 44 47
14000 55 3
