14001 40 1
14002 68 45
14003 47 40
14004 69 50
14005 43 40
14006 42 49
14007 57 44
14008 54 18
14009 47 1
14010 41 7
14011 51 14
14012 46 11
14013 42 4
14014 69 1
14015 41 30
14016 60 26
14017 46 14
14018 53 18
14019 70 12
14020 67 5
14021 60 21
14022 47 8
14023 40 12
14024 53 49
14025 66 7
14026 43 45
14027 64 35
14028 61 5
14029 62 11
14030 61 8
14031 70 1
14032 50 44
14033 55 23
14034 45 46
14035 47 24
14036 56 27
14037 46 47
14038 65 20
14039 41 40
14040 67 36
14041 69 36
14042 54 13
14043 40 35
14044 70 23
14045 40 29
14046 53 25
14047 51 50
14048 55 16
14049 61 30
14050 69 39
14051 58 13
14052 63 3
14053 48 29
14054 59 34
14055 67 2
14056 61 37
14057 59 11
14058 46 6
14059 50 15
14060 66 10
14061 53 25
14062 42 29
14063 49 26
14064 61 11
14065 69 48
14066 55 33
14067 51 30
14068 66 48
14069 44 23
14070 58 29
14071 66 25
14072 40 6
14073 51 38
14074 43 31
14075 46 24
14076 54 6
14077 68 1
14078 63 13
14079 66 46
14080 47 41
14081 64 35
14082 60 50
14083 58 19
14084 61 31
14085 66 37
14086 68 6
14087 61 21
14088 45 44
14089 61 16
14090 65 32
14091 70 5
14092 50 47
14093 43 42
14094 58 25
14095 59 17
14096 62 28
14097 50 15
14098 69 28
14099 63 36
14100 70 6
14101 67 28
14102 41 38
14103 68 13
14104 60 42
14105 56 43
14106 67 42
14107 54 3
14108 51 13
14109 51 30
14110 43 46
14111 64 47
14112 43 25
14113 61 45
14114 47 29
14115 61 1
14116 40 50
14117 43 5
14118 41 48
14119 64 3
14120 52 38
14121 68 41
14122 48 7
14123 62 24
14124 59 50
14125 45 35
14126 59 2
14127 45 19
14128 57 0
14129 58 14
14130 51 24
14131 62 18
14132 69 13
14133 52 15
14134 52 48
14135 49 4
14136 69 2
14137 43 3
14138 58 15
14139 65 35
14140 55 18
14141 42 35
14142 61 0
14143 45 2
14144 40 3
14145 41 9
14146 41 1
14147 45 28
14148 44 45
14149 58 1
14150 68 28
14151 62 36
14152 56 3
14153 47 3
14154 68 6
14155 64 37
14156 53 36
14157 68 47
14158 55 50
14159 46 21
14160 56 2
14161 62 35
14162 51 35
14163 66 31
14164 68 38
14165 70 10
14166 42 10
14167 52 26
14168 48 11
14169 70 10
14170 70 20
14171 67 8
14172 44 12
14173 67 22
14174 50 1
14175 52 40
14176 57 15
14177 54 19
14178 64 17
14179 46 19
14180 43 18
14181 60 38
14182 45 26
14183 47 7
14184 61 16
14185 55 0
14186 47 16
14187 40 26
14188 47 23
14189 56 21
14190 64 14
14191 61 7
14192 40 31
14193 42 48
14194 68 48
14195 70 12
14196 58 34
14197 54 15
14198 60 40
14199 59 36
14200 54 30
14201 54 31
14202 61 31
14203 54 10
14204 49 33
14205 45 46
14206 54 22
14207 47 14
14208 59 11
14209 69 29
14210 57 4
14211 53 35
14212 41 12
14213 55 33
14214 65 36
14215 42 33
14216 50 20
14217 50 47
14218 56 39
14219 53 45
14220 49 13
14221 47 38
14222 46 24
14223 70 3
14224 41 15
14225 54 13
14226 45 3
14227 48 48
14228 57 1
14229 49 6
14230 44 29
14231 55 30
14232 54 44
14233 65 16
14234 56 31
14235 41 47
14236 44 39
14237 65 5
14238 70 40
14239 40 7
14240 63 37
14241 69 14
14242 61 13
14243 44 41
14244 70 38
14245 68 35
14246 42 18
14247 65 50
14248 45 18
14249 48 8
14250 70 20
14251 42 29
14252 57 40
14253 45 35
14254 44 45
14255 55 39
14256 46 30
14257 51 14
14258 58 45
14259 62 30
14260 49 19
14261 50 27
14262 70 10
14263 42 0
14264 59 19
14265 40 43
14266 41 7
14267 54 33
14268 50 36
14269 64 28
14270 60 32
14271 45 7
14272 46 17
14273 52 8
14274 53 37
14275 70 5
14276 49 45
14277 57 24
14278 54 30
14279 58 36
14280 49 5
14281 43 20
14282 54 22
14283 62 42
14284 56 14
14285 62 41
14286 41 25
14287 60 9
14288 65 39
14289 49 5
14290 48 43
14291 53 50
14292 50 45
14293 68 2
14294 47 21
14295 66 19
14296 66 19
14297 59 18
14298 70 28
14299 70 41
14300 66 43
14301 67 44
14302 44 39
14303 70 50
14304 54 46
14305 62 24
14306 66 42
14307 45 32
14308 61 50
14309 52 38
14310 67 14
14311 50 15
14312 48 47
14313 62 44
14314 67 29
14315 45 16
14316 64 12
14317 66 22
14318 62 9
14319 51 45
14320 53 26
14321 54 41
14322 57 2
14323 64 38
14324 50 17
14325 58 10
14326 70 11
14327 52 25
14328 62 38
14329 46 21
14330 46 4
14331 46 38
14332 55 25
14333 46 0
14334 44 32
14335 60 38
14336 59 29
14337 48 12
14338 63 9
14339 68 18
14340 68 49
14341 47 44
14342 50 25
14343 50 20
14344 46 17
14345 41 47
14346 58 46
14347 69 50
14348 57 14
14349 58 31
14350 48 44
14351 52 17
14352 42 21
14353 47 23
14354 49 26
14355 58 34
14356 42 42
14357 67 24
14358 60 17
14359 65 6
14360 56 18
14361 59 29
14362 44 22
14363 58 35
14364 49 3
14365 70 27
14366 68 3
14367 46 14
14368 70 50
14369 41 7
14370 61 37
14371 66 32
14372 42 35
14373 57 22
14374 51 24
14375 46 14
14376 55 15
14377 68 45
14378 67 39
14379 69 4
14380 49 14
14381 48 14
14382 44 2
14383 45 21
14384 43 12
14385 52 36
14386 66 22
14387 41 31
14388 53 5
14389 44 7
14390 70 5
14391 64 35
14392 66 5
14393 59 35
14394 49 17
14395 66 20
14396 69 37
14397 56 44
14398 62 17
14399 62 36
14400 70 27
14401 49 35
14402 42 28
14403 41 38
14404 50 35
14405 56 12
14406 53 19
14407 68 12
14408 56 35
14409 46 48
14410 44 25
14411 45 47
14412 55 27
14413 45 23
14414 47 46
14415 42 24
14416 49 2
14417 53 20
14418 52 39
14419 47 29
14420 66 38
14421 62 30
14422 59 38
14423 45 36
14424 49 11
14425 53 9
14426 61 14
14427 48 19
14428 43 30
14429 59 43
14430 62 39
14431 54 17
14432 46 41
14433 65 45
14434 50 7
14435 65 13
14436 61 3
14437 55 15
14438 66 7
14439 56 46
14440 42 30
14441 46 7
14442 70 50
14443 61 16
14444 48 41
14445 46 0
14446 45 36
14447 59 21
14448 57 18
14449 52 48
14450 49 11
14451 41 23
14452 62 24
14453 69 21
14454 55 33
14455 59 47
14456 65 19
14457 52 48
14458 67 23
14459 45 2
14460 49 40
14461 58 28
14462 53 31
14463 61 47
14464 46 36
14465 59 37
14466 58 50
14467 51 42
14468 47 24
14469 58 7
14470 41 4
14471 66 35
14472 54 11
14473 60 19
14474 61 33
14475 46 0
14476 47 34
14477 60 9
14478 68 37
14479 65 29
14480 46 49
14481 60 11
14482 67 10
14483 56 46
14484 52 14
14485 63 43
14486 52 26
14487 53 39
14488 53 27
14489 59 25
14490 64 6
14491 59 2
14492 56 49
14493 57 1
14494 70 6
14495 45 40
14496 46 26
14497 66 18
14498 68 12
14499 48 45
14500 48 34
14501 62 43
14502 59 38
14503 69 39
14504 53 27
14505 65 15
14506 43 28
14507 43 13
14508 69 7
14509 40 18
14510 68 29
14511 47 48
14512 56 11
14513 58 39
14514 40 26
14515 55 30
14516 55 32
14517 67 41
14518 41 28
14519 68 40
14520 50 46
14521 51 30
14522 69 37
14523 41 49
14524 41 33
14525 44 0
14526 55 22
14527 58 12
14528 65 19
14529 50 16
14530 46 2
14531 59 50
14532 48 22
14533 40 4
14534 69 44
14535 41 22
14536 47 6
14537 56 49
14538 57 33
14539 62 21
14540 48 29
14541 47 23
14542 43 39
14543 69 20
14544 49 48
14545 53 42
14546 63 27
14547 59 28
14548 45 18
14549 45 0
14550 40 7
14551 54 50
14552 48 3
14553 61 50
14554 48 10
14555 67 11
14556 52 27
14557 56 26
14558 43 47
14559 51 43
14560 50 19
14561 40 30
14562 58 3
14563 53 16
14564 54 19
14565 57 28
14566 63 32
14567 51 50
14568 69 40
14569 55 28
14570 41 2
14571 65 36
14572 56 18
14573 54 5
14574 45 4
14575 60 34
14576 53 22
14577 68 12
14578 62 47
14579 42 16
14580 61 5
14581 65 48
14582 64 32
14583 69 27
14584 60 42
14585 49 10
14586 44 28
14587 68 8
14588 58 7
14589 58 27
14590 51 24
14591 46 6
14592 67 17
14593 59 9
14594 61 24
14595 54 23
14596 51 13
14597 41 27
14598 43 2
14599 64 24
14600 50 41
14601 67 5
14602 66 5
14603 62 35
14604 67 45
14605 55 8
14606 66 14
14607 55 35
14608 45 41
14609 57 5
14610 41 27
14611 67 50
14612 64 11
14613 61 33
14614 43 28
14615 70 10
14616 62 19
14617 47 16
14618 60 50
14619 63 3
14620 67 8
14621 41 48
14622 49 7
14623 46 22
14624 70 45
14625 47 34
14626 59 29
14627 44 27
14628 69 30
14629 43 24
14630 49 0
14631 63 26
14632 62 9
14633 57 11
14634 65 41
14635 58 43
14636 59 27
14637 61 18
14638 55 21
14639 49 35
14640 66 6
14641 40 4
14642 47 27
14643 66 39
14644 51 10
14645 40 12
14646 50 26
14647 49 38
14648 48 28
14649 58 42
14650 53 41
14651 61 9
14652 70 41
14653 58 36
14654 45 21
14655 64 8
14656 68 38
14657 61 18
14658 57 45
14659 42 34
14660 63 10
14661 44 12
14662 53 28
14663 61 48
14664 64 12
14665 51 44
14666 62 25
14667 65 0
14668 46 2
14669 54 29
14670 67 22
14671 51 5
14672 45 5
14673 47 8
14674 69 18
14675 59 41
14676 42 7
14677 58 45
14678 49 45
14679 67 22
14680 40 48
14681 63 38
14682 59 15
14683 65 28
14684 70 33
14685 45 31
14686 65 37
14687 68 38
14688 57 12
14689 54 23
14690 49 17
14691 65 47
14692 44 18
14693 40 37
14694 53 22
14695 56 42
14696 59 31
14697 48 8
14698 50 21
14699 61 42
14700 48 24
14701 53 27
14702 54 43
14703 55 41
14704 54 4
14705 63 39
14706 67 38
14707 62 47
14708 60 0
14709 60 45
14710 56 24
14711 69 10
14712 46 40
14713 50 9
14714 61 40
14715 61 17
14716 54 12
14717 66 8
14718 51 21
14719 57 18
14720 69 47
14721 52 3
14722 61 20
14723 59 39
14724 64 7
14725 53 10
14726 41 3
14727 61 9
14728 54 50
14729 56 3
14730 65 4
14731 54 40
14732 52 23
14733 53 1
14734 45 47
14735 63 2
14736 49 23
14737 49 26
14738 67 11
14739 43 47
14740 65 20
14741 69 15
14742 60 39
14743 68 16
14744 44 10
14745 42 14
14746 46 29
14747 54 6
14748 58 38
14749 40 44
14750 51 25
14751 68 1
14752 46 28
14753 48 13
14754 44 36
14755 60 36
14756 69 20
14757 61 16
14758 41 40
14759 65 47
14760 65 47
14761 69 38
14762 58 18
14763 58 19
14764 50 34
14765 70 36
14766 51 39
14767 46 47
14768 46 17
14769 49 32
14770 70 7
14771 57 17
14772 67 28
14773 54 36
14774 68 1
14775 47 20
14776 41 2
14777 50 25
14778 50 29
14779 48 46
14780 56 0
14781 43 34
14782 40 21
14783 61 0
14784 51 27
14785 69 45
14786 53 41
14787 42 14
14788 49 18
14789 68 17
14790 60 10
14791 67 2
14792 61 10
14793 70 42
14794 65 47
14795 61 1
14796 62 43
14797 54 10
14798 46 19
14799 68 9
14800 56 6
14801 46 39
14802 53 48
14803 43 35
14804 53 16
14805 65 49
14806 41 28
14807 64 16
14808 70 24
14809 59 22
14810 52 4
14811 56 7
14812 68 10
14813 43 48
14814 68 2
14815 67 31
14816 66 48
14817 66 35
14818 52 16
14819 45 28
14820 57 29
14821 54 45
14822 61 41
14823 59 48
14824 65 11
14825 52 49
14826 51 38
14827 47 25
14828 48 10
14829 52 15
14830 64 6
14831 48 1
14832 55 22
14833 66 37
14834 43 0
14835 49 23
14836 49 36
14837 55 33
14838 69 47
14839 62 46
14840 70 3
14841 54 23
14842 62 26
14843 42 33
14844 63 35
14845 57 46
14846 56 44
14847 47 21
14848 65 18
14849 69 0
14850 49 11
14851 66 20
14852 56 34
14853 54 15
14854 40 36
14855 54 23
14856 43 30
14857 59 21
14858 47 41
14859 44 35
14860 69 9
14861 42 6
14862 58 3
14863 44 11
14864 40 21
14865 47 37
14866 44 30
14867 59 22
14868 49 42
14869 55 24
14870 53 46
14871 54 2
14872 60 49
14873 60 44
14874 40 22
14875 64 26
14876 42 41
14877 60 39
14878 70 14
14879 47 27
14880 60 3
14881 44 23
14882 53 10
14883 68 43
14884 70 34
14885 68 19
14886 51 28
14887 61 33
14888 68 10
14889 61 15
14890 52 16
14891 52 10
14892 63 44
14893 65 20
14894 55 1
14895 66 9
14896 46 26
14897 56 8
14898 68 26
14899 40 36
14900 64 23
14901 45 21
14902 44 8
14903 55 15
14904 57 19
14905 46 10
14906 63 16
14907 55 19
14908 47 40
14909 49 47
14910 41 44
14911 51 31
14912 43 47
14913 68 8
14914 47 48
14915 53 37
14916 64 46
14917 58 21
14918 53 35
14919 63 33
14920 69 47
14921 56 3
14922 59 11
14923 45 19
14924 63 21
14925 47 48
14926 51 3
14927 49 2
14928 69 20
14929 68 17
14930 43 43
14931 51 2
14932 50 38
14933 46 3
14934 49 36
14935 47 5
14936 46 6
14937 67 26
14938 64 6
14939 57 50
14940 53 46
14941 52 6
14942 48 36
14943 70 11
14944 61 45
14945 43 50
14946 53 10
14947 57 18
14948 61 22
14949 54 27
14950 64 20
14951 44 18
14952 61 18
14953 49 27
14954 61 8
14955 44 34
14956 54 25
14957 51 22
14958 46 34
14959 59 2
14960 46 1
14961 49 27
14962 54 7
14963 65 20
14964 69 42
14965 55 23
14966 48 22
14967 58 17
14968 45 16
14969 60 27
14970 50 38
14971 42 37
14972 63 37
14973 69 33
14974 61 6
14975 68 13
14976 50 14
14977 47 4
14978 51 45
14979 60 44
14980 58 29
14981 43 29
14982 66 32
14983 50 6
14984 53 0
14985 43 31
14986 61 0
14987 70 0
14988 68 29
14989 55 28
14990 44 16
14991 47 33
14992 48 28
14993 64 14
14994 68 18
14995 45 26
14996 43 8
14997 40 35
14998 58 37
14999 70 48
15000 43 3
