15001 56 15
15002 44 28
15003 47 31
15004 48 21
15005 62 17
15006 56 14
15007 69 10
15008 45 40
15009 66 17
15010 40 28
15011 52 22
15012 55 38
15013 45 28
15014 49 22
15015 40 8
15016 59 12
15017 41 35
15018 44 29
15019 58 25
15020 69 23
15021 67 23
15022 59 33
15023 53 11
15024 46 22
15025 56 46
15026 53 25
15027 68 8
15028 50 11
15029 50 9
15030 64 31
15031 51 23
15032 56 37
15033 54 14
15034 64 12
15035 61 36
15036 59 36
15037 52 42
15038 60 46
15039 52 36
15040 41 3
15041 65 2
15042 47 3
15043 64 40
15044 46 15
15045 55 27
15046 69 9
15047 55 18
15048 64 4
15049 53 37
15050 61 3
15051 61 7
15052 67 40
15053 40 26
15054 45 10
15055 58 35
15056 41 21
15057 56 17
15058 40 16
15059 52 32
15060 64 22
15061 61 23
15062 64 9
15063 55 37
15064 43 47
15065 46 11
15066 63 6
15067 54 18
15068 41 5
15069 52 9
15070 47 39
15071 50 45
15072 45 35
15073 58 41
15074 50 15
15075 53 6
15076 42 46
15077 58 45
15078 50 8
15079 67 45
15080 40 35
15081 59 20
15082 57 16
15083 69 3
15084 62 48
15085 66 4
15086 62 41
15087 60 2
15088 57 28
15089 45 6
15090 44 39
15091 46 29
15092 51 18
15093 69 33
15094 43 38
15095 55 39
15096 40 45
15097 50 4
15098 45 14
15099 63 16
15100 45 32
15101 65 22
15102 46 40
15103 53 40
15104 61 27
15105 60 15
15106 47 24
15107 43 11
15108 47 29
15109 55 22
15110 61 19
15111 53 35
15112 64 38
15113 47 8
15114 40 6
15115 46 40
15116 68 49
15117 57 38
15118 61 44
15119 70 46
15120 44 32
15121 53 11
15122 46 47
15123 62 15
15124 45 29
15125 45 29
15126 47 38
15127 43 15
15128 44 15
15129 55 14
15130 41 46
15131 69 11
15132 63 7
15133 45 22
15134 51 11
15135 64 32
15136 63 16
15137 40 41
15138 42 5
15139 69 46
15140 66 38
15141 69 6
15142 65 4
15143 70 28
15144 43 33
15145 50 29
15146 52 40
15147 47 39
15148 67 19
15149 56 40
15150 52 36
15151 55 11
15152 58 19
15153 65 22
15154 46 31
15155 59 49
15156 60 42
15157 60 31
15158 51 37
15159 43 47
15160 67 19
15161 40 10
15162 56 3
15163 49 15
15164 68 6
15165 58 34
15166 64 6
15167 43 37
15168 69 20
15169 43 1
15170 47 8
15171 61 25
15172 47 9
15173 45 42
15174 51 8
15175 70 14
15176 44 35
15177 45 31
15178 49 23
15179 56 33
15180 49 40
15181 64 4
15182 51 19
15183 44 1
15184 57 16
15185 62 5
15186 66 43
15187 57 43
15188 40 19
15189 43 6
15190 67 4
15191 57 8
15192 57 42
15193 65 9
15194 43 15
15195 68 9
15196 52 11
15197 43 18
15198 58 7
15199 43 14
15200 43 31
15201 66 19
15202 68 7
15203 66 48
15204 58 20
15205 70 8
15206 48 27
15207 66 29
15208 56 30
15209 53 41
15210 57 37
15211 53 43
15212 59 15
15213 67 40
15214 58 44
15215 49 2
15216 45 25
15217 63 7
15218 57 44
15219 52 36
15220 59 16
15221 51 38
15222 54 17
15223 65 50
15224 63 45
15225 49 23
15226 59 32
15227 52 15
15228 65 32
15229 40 15
15230 61 11
15231 56 47
15232 64 0
15233 67 19
15234 50 21
15235 69 18
15236 53 10
15237 40 6
15238 51 24
15239 44 7
15240 60 50
15241 45 21
15242 52 34
15243 56 12
15244 65 1
15245 45 24
15246 44 9
15247 65 50
15248 59 12
15249 69 19
15250 57 49
15251 65 48
15252 55 6
15253 42 48
15254 56 11
15255 62 10
15256 67 5
15257 65 42
15258 51 7
15259 67 50
15260 70 46
15261 67 41
15262 49 12
15263 54 4
15264 40 30
15265 65 2
15266 55 22
15267 69 4
15268 62 10
15269 64 31
15270 51 37
15271 70 23
15272 62 12
15273 58 21
15274 42 27
15275 62 16
15276 57 15
15277 52 32
15278 49 33
15279 59 36
15280 40 24
15281 42 12
15282 69 8
15283 47 50
15284 63 0
15285 43 41
15286 58 12
15287 40 7
15288 61 43
15289 70 14
15290 42 35
15291 68 3
15292 65 0
15293 46 26
15294 70 5
15295 61 30
15296 57 35
15297 53 40
15298 58 7
15299 46 35
15300 52 24
15301 51 48
15302 61 43
15303 47 8
15304 41 0
15305 51 15
15306 67 40
15307 69 18
15308 40 34
15309 70 2
15310 67 22
15311 41 38
15312 65 3
15313 49 8
15314 42 42
15315 56 24
15316 68 42
15317 70 20
15318 60 36
15319 52 49
15320 63 29
15321 58 22
15322 60 47
15323 62 40
15324 49 49
15325 69 21
15326 40 44
15327 46 11
15328 44 13
15329 56 25
15330 69 37
15331 48 21
15332 58 19
15333 65 32
15334 61 13
15335 46 9
15336 70 15
15337 62 6
15338 45 44
15339 43 31
15340 48 35
15341 63 47
15342 43 28
15343 66 45
15344 54 6
15345 63 42
15346 59 24
15347 70 15
15348 44 42
15349 68 21
15350 48 31
15351 47 41
15352 42 34
15353 47 16
15354 51 18
15355 49 17
15356 48 31
15357 45 35
15358 70 13
15359 60 11
15360 68 20
15361 55 43
15362 69 20
15363 58 18
15364 44 26
15365 58 11
15366 56 23
15367 50 5
15368 64 23
15369 68 37
15370 66 30
15371 44 9
15372 63 38
15373 70 6
15374 64 33
15375 47 10
15376 42 11
15377 70 41
15378 43 29
15379 62 25
15380 63 33
15381 67 48
15382 56 16
15383 47 20
15384 68 2
15385 64 3
15386 58 47
15387 43 2
15388 66 40
15389 51 12
15390 43 30
15391 43 6
15392 59 47
15393 47 25
15394 59 26
15395 53 25
15396 54 33
15397 70 50
15398 40 8
15399 63 32
15400 48 36
15401 64 11
15402 43 12
15403 54 6
15404 70 5
15405 63 17
15406 41 23
15407 47 17
15408 68 21
15409 43 34
15410 45 1
15411 66 34
15412 70 8
15413 69 0
15414 69 27
15415 47 3
15416 54 37
15417 43 41
15418 61 20
15419 70 18
15420 64 35
15421 46 29
15422 60 46
15423 50 3
15424 68 40
15425 50 11
15426 54 4
15427 61 13
15428 41 37
15429 69 33
15430 69 14
15431 63 3
15432 54 12
15433 42 49
15434 67 36
15435 41 28
15436 60 8
15437 64 2
15438 67 40
15439 68 7
15440 58 28
15441 43 10
15442 59 22
15443 44 23
15444 65 30
15445 45 36
15446 48 46
15447 45 1
15448 43 38
15449 43 36
15450 48 31
15451 58 6
15452 68 3
15453 49 37
15454 52 3
15455 47 25
15456 62 40
15457 42 10
15458 66 15
15459 43 49
15460 60 19
15461 58 49
15462 69 22
15463 53 17
15464 46 26
15465 40 44
15466 45 38
15467 59 15
15468 56 38
15469 49 47
15470 69 9
15471 60 47
15472 60 21
15473 45 17
15474 55 32
15475 52 17
15476 65 10
15477 59 16
15478 49 33
15479 44 11
15480 49 44
15481 55 10
15482 65 28
15483 63 43
15484 46 22
15485 62 1
15486 68 43
15487 61 31
15488 67 17
15489 60 0
15490 60 20
15491 68 7
15492 56 0
15493 68 4
15494 54 44
15495 45 39
15496 52 49
15497 57 12
15498 67 15
15499 63 39
15500 40 30
15501 65 35
15502 50 15
15503 41 19
15504 51 35
15505 56 27
15506 66 50
15507 68 41
15508 55 22
15509 61 28
15510 49 1
15511 54 39
15512 56 18
15513 44 49
15514 70 34
15515 61 49
15516 41 33
15517 56 50
15518 61 44
15519 40 10
15520 67 7
15521 53 36
15522 68 5
15523 61 4
15524 70 9
15525 54 16
15526 67 17
15527 62 5
15528 69 31
15529 60 11
15530 54 45
15531 53 3
15532 49 48
15533 67 22
15534 60 10
15535 55 34
15536 61 9
15537 56 50
15538 50 7
15539 45 25
15540 50 49
15541 61 21
15542 67 20
15543 48 49
15544 50 47
15545 42 46
15546 40 2
15547 62 21
15548 43 6
15549 43 48
15550 43 36
15551 65 40
15552 65 3
15553 42 30
15554 60 1
15555 60 36
15556 69 33
15557 63 23
15558 68 19
15559 63 26
15560 46 21
15561 47 47
15562 49 47
15563 63 43
15564 53 19
15565 47 44
15566 51 38
15567 54 33
15568 49 7
15569 50 14
15570 66 8
15571 56 33
15572 65 39
15573 62 3
15574 43 3
15575 51 39
15576 40 30
15577 44 25
15578 50 11
15579 61 47
15580 52 44
15581 45 33
15582 46 35
15583 46 36
15584 54 25
15585 40 25
15586 42 31
15587 65 0
15588 49 10
15589 55 19
15590 41 10
15591 58 32
15592 62 19
15593 40 14
15594 57 22
15595 59 30
15596 43 28
15597 65 36
15598 61 27
15599 44 31
15600 43 24
15601 45 1
15602 41 9
15603 54 13
15604 54 49
15605 44 39
15606 46 32
15607 49 25
15608 44 46
15609 60 36
15610 68 0
15611 60 39
15612 68 41
15613 44 48
15614 60 35
15615 49 36
15616 58 45
15617 67 3
15618 53 4
15619 48 34
15620 44 46
15621 47 10
15622 58 34
15623 58 8
15624 60 45
15625 68 7
15626 63 8
15627 59 38
15628 70 25
15629 46 49
15630 49 17
15631 69 38
15632 41 24
15633 44 47
15634 63 18
15635 66 41
15636 42 49
15637 55 6
15638 47 25
15639 48 5
15640 52 34
15641 68 46
15642 54 23
15643 55 39
15644 40 7
15645 56 23
15646 60 49
15647 45 35
15648 58 9
15649 61 3
15650 62 33
15651 59 35
15652 49 11
15653 61 17
15654 41 4
15655 57 28
15656 68 7
15657 60 48
15658 70 33
15659 63 16
15660 46 16
15661 60 30
15662 44 12
15663 63 35
15664 70 35
15665 47 4
15666 42 22
15667 56 1
15668 42 48
15669 47 28
15670 61 38
15671 59 4
15672 64 16
15673 68 35
15674 57 17
15675 51 16
15676 40 28
15677 59 32
15678 69 12
15679 66 28
15680 48 37
15681 45 0
15682 43 49
15683 58 48
15684 70 22
15685 56 0
15686 58 49
15687 40 10
15688 45 49
15689 43 27
15690 67 14
15691 69 40
15692 46 45
15693 63 22
15694 68 10
15695 67 22
15696 44 6
15697 60 6
15698 51 29
15699 65 46
15700 65 36
15701 48 26
15702 57 39
15703 64 43
15704 63 13
15705 57 40
15706 57 32
15707 44 2
15708 61 28
15709 69 26
15710 62 4
15711 42 24
15712 49 9
15713 50 34
15714 47 41
15715 40 41
15716 41 26
15717 54 47
15718 48 1
15719 45 39
15720 58 21
15721 58 46
15722 53 33
15723 48 28
15724 68 11
15725 63 45
15726 58 5
15727 69 13
15728 41 30
15729 40 14
15730 46 20
15731 43 46
15732 66 46
15733 70 46
15734 63 42
15735 47 49
15736 49 47
15737 66 10
15738 47 25
15739 56 29
15740 41 27
15741 56 37
15742 46 5
15743 42 12
15744 50 19
15745 58 15
15746 47 8
15747 70 33
15748 64 7
15749 66 22
15750 59 36
15751 51 32
15752 53 31
15753 44 37
15754 66 35
15755 69 14
15756 57 37
15757 59 28
15758 52 10
15759 70 19
15760 43 26
15761 59 26
15762 57 10
15763 41 14
15764 69 1
15765 59 0
15766 52 41
15767 57 46
15768 46 29
15769 66 40
15770 70 11
15771 44 33
15772 51 6
15773 59 38
15774 67 22
15775 46 21
15776 50 36
15777 43 46
15778 47 17
15779 55 49
15780 44 12
15781 60 27
15782 49 41
15783 52 7
15784 70 37
15785 56 38
15786 56 34
15787 53 11
15788 68 49
15789 62 17
15790 65 49
15791 66 46
15792 45 27
15793 43 6
15794 53 17
15795 57 5
15796 53 3
15797 41 30
15798 46 45
15799 49 20
15800 46 15
15801 65 43
15802 40 2
15803 43 48
15804 62 50
15805 48 29
15806 69 3
15807 70 13
15808 62 35
15809 43 42
15810 45 47
15811 70 37
15812 70 16
15813 54 10
15814 49 49
15815 64 50
15816 54 22
15817 49 36
15818 46 4
15819 47 36
15820 66 5
15821 51 12
15822 69 16
15823 41 7
15824 56 4
15825 41 48
15826 40 27
15827 48 25
15828 63 43
15829 70 18
15830 63 34
15831 42 44
15832 68 40
15833 63 6
15834 46 28
15835 59 32
15836 50 38
15837 51 20
15838 61 23
15839 42 13
15840 43 48
15841 56 27
15842 45 31
15843 65 35
15844 40 48
15845 57 11
15846 58 42
15847 66 22
15848 58 26
15849 54 39
15850 64 25
15851 48 45
15852 68 24
15853 68 27
15854 61 12
15855 66 4
15856 67 21
15857 42 6
15858 70 50
15859 55 9
15860 68 41
15861 64 7
15862 60 23
15863 40 32
15864 60 25
15865 42 17
15866 57 34
15867 65 32
15868 41 30
15869 56 16
15870 70 9
15871 66 40
15872 42 49
15873 42 9
15874 62 38
15875 65 25
15876 40 31
15877 61 20
15878 60 32
15879 47 6
15880 53 29
15881 56 33
15882 49 48
15883 69 2
15884 62 1
15885 67 8
15886 58 47
15887 64 19
15888 51 24
15889 52 40
15890 56 29
15891 52 19
15892 63 8
15893 54 49
15894 61 49
15895 55 32
15896 44 12
15897 48 40
15898 67 9
15899 49 35
15900 41 37
15901 54 14
15902 55 14
15903 47 43
15904 60 23
15905 64 44
15906 69 11
15907 56 14
15908 47 40
15909 53 35
15910 48 9
15911 54 29
15912 42 22
15913 64 38
15914 44 39
15915 61 4
15916 63 20
15917 40 39
15918 60 35
15919 48 24
15920 66 23
15921 70 46
15922 69 16
15923 62 3
15924 63 28
15925 64 3
15926 70 42
15927 47 38
15928 42 41
15929 68 6
15930 40 33
15931 48 1
15932 44 27
15933 51 13
15934 64 13
15935 41 2
15936 47 49
15937 55 25
15938 55 29
15939 66 45
15940 57 29
15941 66 19
15942 66 47
15943 70 45
15944 42 7
15945 40 39
15946 53 20
15947 46 42
15948 57 48
15949 58 14
15950 67 6
15951 48 28
15952 41 26
15953 70 8
15954 47 40
15955 42 35
15956 64 5
15957 70 3
15958 57 40
15959 44 40
15960 49 13
15961 69 18
15962 63 25
15963 43 18
15964 45 8
15965 49 5
15966 64 43
15967 62 11
15968 45 29
15969 67 34
15970 65 33
15971 63 34
15972 44 6
15973 42 31
15974 45 50
15975 68 29
15976 43 16
15977 65 20
15978 60 16
15979 66 3
15980 56 21
15981 63 30
15982 42 27
15983 69 9
15984 41 47
15985 64 35
15986 52 7
15987 64 17
15988 41 42
15989 53 28
15990 47 33
15991 62 44
15992 48 17
15993 68 12
15994 70 7
15995 43 38
15996 40 25
15997 70 45
15998 68 6
15999 47 11
16000 53 39
