16001 69 31
16002 44 19
16003 40 35
16004 70 24
16005 63 19
16006 45 43
16007 53 26
16008 45 14
16009 63 33
16010 46 42
16011 50 14
16012 44 35
16013 53 3
16014 66 31
16015 48 32
16016 51 36
16017 62 25
16018 70 35
16019 40 7
16020 43 13
16021 70 36
16022 43 40
16023 69 32
16024 52 6
16025 66 49
16026 61 20
16027 56 27
16028 53 24
16029 66 7
16030 69 21
16031 41 4
16032 70 45
16033 67 47
16034 45 3
16035 68 23
16036 66 16
16037 41 11
16038 60 25
16039 59 46
16040 48 17
16041 60 50
16042 52 45
16043 58 41
16044 55 6
16045 66 17
16046 66 29
16047 58 5
16048 53 20
16049 69 32
16050 60 48
16051 60 7
16052 44 2
16053 59 2
16054 61 24
16055 62 30
16056 69 37
16057 65 7
16058 54 13
16059 63 13
16060 50 16
16061 57 26
16062 40 40
16063 61 20
16064 57 26
16065 68 10
16066 42 17
16067 50 11
16068 59 33
16069 47 10
16070 51 23
16071 67 11
16072 57 35
16073 61 9
16074 63 25
16075 47 38
16076 55 43
16077 63 8
16078 53 4
16079 42 8
16080 69 32
16081 49 36
16082 68 48
16083 41 14
16084 42 30
16085 67 34
16086 42 8
16087 43 10
16088 46 29
16089 64 29
16090 62 41
16091 70 2
16092 41 14
16093 44 43
16094 59 14
16095 61 27
16096 46 42
16097 60 32
16098 58 16
16099 69 43
16100 55 16
16101 54 7
16102 41 20
16103 43 6
16104 68 9
16105 68 18
16106 70 15
16107 63 35
16108 49 19
16109 46 38
16110 58 9
16111 60 20
16112 55 17
16113 45 45
16114 58 41
16115 68 23
16116 44 11
16117 63 19
16118 43 1
16119 49 35
16120 47 35
16121 66 15
16122 63 49
16123 58 15
16124 65 43
16125 40 24
16126 40 6
16127 47 21
16128 60 1
16129 65 20
16130 65 19
16131 69 13
16132 52 7
16133 47 7
16134 41 22
16135 70 35
16136 41 10
16137 41 47
16138 45 48
16139 46 37
16140 52 34
16141 68 25
16142 48 41
16143 40 25
16144 63 37
16145 41 47
16146 47 32
16147 60 49
16148 63 13
16149 59 3
16150 61 22
16151 50 23
16152 52 41
16153 70 34
16154 67 3
16155 51 18
16156 57 33
16157 43 0
16158 51 2
16159 49 28
16160 43 5
16161 45 17
16162 42 7
16163 56 34
16164 67 33
16165 68 16
16166 58 46
16167 58 21
16168 47 24
16169 43 44
16170 49 24
16171 46 34
16172 42 27
16173 70 24
16174 70 9
16175 56 18
16176 65 13
16177 40 6
16178 65 33
16179 56 47
16180 54 1
16181 66 44
16182 46 36
16183 57 8
16184 51 49
16185 55 45
16186 45 19
16187 62 39
16188 52 41
16189 58 11
16190 55 11
16191 63 22
16192 41 38
16193 70 43
16194 45 13
16195 48 23
16196 53 17
16197 53 18
16198 53 50
16199 55 31
16200 51 22
16201 48 37
16202 60 39
16203 45 7
16204 46 19
16205 53 43
16206 50 13
16207 41 4
16208 63 30
16209 45 46
16210 42 7
16211 62 25
16212 45 48
16213 41 32
16214 45 2
16215 65 50
16216 48 0
16217 40 38
16218 54 29
16219 65 38
16220 69 35
16221 49 16
16222 68 5
16223 58 40
16224 62 44
16225 52 6
16226 60 34
16227 51 9
16228 69 39
16229 44 5
16230 40 20
16231 56 4
16232 45 27
16233 66 20
16234 62 11
16235 43 24
16236 46 28
16237 50 27
16238 40 33
16239 70 23
16240 65 17
16241 45 3
16242 59 3
16243 68 22
16244 53 37
16245 69 13
16246 47 13
16247 48 40
16248 61 7
16249 51 14
16250 69 0
16251 49 26
16252 53 23
16253 46 7
16254 60 43
16255 58 47
16256 68 7
16257 47 13
16258 55 25
16259 60 15
16260 58 5
16261 56 16
16262 67 45
16263 52 42
16264 63 49
16265 57 39
16266 65 39
16267 70 7
16268 47 40
16269 49 19
16270 52 14
16271 40 9
16272 69 12
16273 57 36
16274 54 13
16275 45 44
16276 40 24
16277 62 45
16278 58 10
16279 44 0
16280 67 3
16281 70 24
16282 51 38
16283 49 22
16284 61 23
16285 70 44
16286 59 38
16287 53 0
16288 55 29
16289 49 39
16290 50 6
16291 57 17
16292 67 15
16293 63 27
16294 49 24
16295 55 30
16296 66 22
16297 40 20
16298 47 31
16299 45 18
16300 64 21
16301 60 29
16302 53 18
16303 40 17
16304 70 0
16305 54 21
16306 65 8
16307 61 17
16308 42 0
16309 66 47
16310 53 14
16311 66 16
16312 61 20
16313 61 21
16314 47 31
16315 63 47
16316 58 13
16317 40 24
16318 70 6
16319 69 49
16320 52 24
16321 40 24
16322 44 15
16323 43 43
16324 49 29
16325 56 35
16326 67 45
16327 55 38
16328 60 44
16329 68 4
16330 68 8
16331 53 27
16332 69 27
16333 66 14
16334 65 28
16335 43 2
16336 42 9
16337 44 16
16338 47 22
16339 46 16
16340 44 26
16341 54 15
16342 42 43
16343 56 37
16344 57 50
16345 44 33
16346 54 31
16347 58 34
16348 69 2
16349 47 28
16350 49 42
16351 61 0
16352 46 44
16353 70 37
16354 40 26
16355 61 18
16356 59 9
16357 50 3
16358 52 15
16359 45 41
16360 63 27
16361 47 13
16362 44 31
16363 51 44
16364 64 29
16365 69 11
16366 41 20
16367 69 16
16368 40 14
16369 49 37
16370 65 18
16371 41 36
16372 61 10
16373 57 30
16374 67 36
16375 58 2
16376 59 35
16377 44 49
16378 57 34
16379 64 13
16380 66 28
16381 47 50
16382 51 33
16383 58 33
16384 48 18
16385 57 15
16386 53 15
16387 56 3
16388 58 30
16389 60 49
16390 62 32
16391 63 19
16392 67 14
16393 48 26
16394 43 1
16395 41 6
16396 59 32
16397 66 50
16398 44 34
16399 42 14
16400 45 32
16401 65 48
16402 58 31
16403 43 50
16404 60 10
16405 69 42
16406 46 41
16407 69 32
16408 40 2
16409 49 3
16410 69 15
16411 40 20
16412 64 20
16413 63 13
16414 40 13
16415 62 50
16416 54 21
16417 61 6
16418 63 2
16419 52 10
16420 59 10
16421 44 45
16422 47 34
16423 41 3
16424 48 27
16425 43 28
16426 47 0
16427 55 19
16428 54 19
16429 47 17
16430 63 5
16431 52 46
16432 63 13
16433 68 13
16434 67 3
16435 63 37
16436 70 2
16437 50 0
16438 63 20
16439 41 17
16440 49 34
16441 67 9
16442 47 31
16443 41 23
16444 49 5
16445 66 44
16446 57 13
16447 61 42
16448 65 27
16449 48 0
16450 68 34
16451 61 0
16452 43 37
16453 44 28
16454 40 43
16455 68 20
16456 43 37
16457 63 6
16458 46 43
16459 50 3
16460 49 3
16461 63 16
16462 60 44
16463 57 21
16464 61 2
16465 61 31
16466 50 34
16467 60 16
16468 48 10
16469 61 22
16470 52 36
16471 40 1
16472 59 48
16473 41 27
16474 60 42
16475 62 40
16476 64 24
16477 40 41
16478 52 42
16479 57 42
16480 49 12
16481 51 11
16482 52 5
16483 64 14
16484 46 8
16485 48 5
16486 56 40
16487 59 17
16488 61 48
16489 50 28
16490 54 31
16491 40 13
16492 56 9
16493 57 11
16494 69 20
16495 69 49
16496 59 16
16497 65 23
16498 65 50
16499 47 31
16500 46 49
16501 42 44
16502 69 42
16503 69 6
16504 63 44
16505 60 29
16506 51 42
16507 48 17
16508 46 14
16509 47 6
16510 61 40
16511 66 42
16512 41 22
16513 50 4
16514 43 42
16515 48 10
16516 49 45
16517 51 32
16518 49 7
16519 54 4
16520 53 41
16521 65 45
16522 67 1
16523 52 1
16524 52 10
16525 58 36
16526 47 21
16527 51 23
16528 53 30
16529 48 34
16530 40 37
16531 48 38
16532 47 32
16533 44 17
16534 68 22
16535 50 22
16536 70 30
16537 51 30
16538 61 37
16539 56 45
16540 50 22
16541 43 8
16542 43 40
16543 40 2
16544 47 4
16545 50 1
16546 54 10
16547 55 49
16548 45 9
16549 70 45
16550 59 28
16551 65 43
16552 59 19
16553 40 17
16554 68 30
16555 63 15
16556 64 21
16557 69 14
16558 43 29
16559 61 35
16560 45 29
16561 70 39
16562 50 10
16563 48 17
16564 53 30
16565 65 23
16566 55 14
16567 42 37
16568 45 24
16569 48 6
16570 63 48
16571 64 2
16572 54 33
16573 56 46
16574 41 14
16575 53 25
16576 46 9
16577 52 20
16578 62 50
16579 70 1
16580 62 32
16581 52 33
16582 51 48
16583 48 37
16584 60 22
16585 60 22
16586 67 5
16587 46 15
16588 55 1
16589 48 1
16590 63 35
16591 69 15
16592 43 44
16593 52 4
16594 60 28
16595 47 14
16596 41 8
16597 59 45
16598 66 49
16599 62 41
16600 62 37
16601 48 34
16602 65 9
16603 66 35
16604 69 9
16605 64 44
16606 55 0
16607 66 28
16608 66 29
16609 61 13
16610 54 4
16611 59 30
16612 56 37
16613 48 7
16614 49 3
16615 52 7
16616 50 8
16617 50 43
16618 48 27
16619 67 2
16620 66 27
16621 54 6
16622 47 1
16623 53 40
16624 51 27
16625 67 23
16626 59 9
16627 43 30
16628 49 43
16629 67 27
16630 51 36
16631 70 8
16632 48 42
16633 68 10
16634 40 19
16635 51 8
16636 50 27
16637 61 13
16638 45 36
16639 44 11
16640 54 42
16641 66 8
16642 62 26
16643 47 6
16644 69 33
16645 60 39
16646 47 4
16647 65 26
16648 59 3
16649 69 27
16650 46 34
16651 59 29
16652 42 46
16653 43 9
16654 54 6
16655 70 48
16656 49 27
16657 63 10
16658 65 50
16659 66 35
16660 64 21
16661 41 49
16662 52 24
16663 50 27
16664 58 23
16665 43 42
16666 61 27
16667 64 26
16668 69 25
16669 67 36
16670 51 47
16671 43 10
16672 57 25
16673 52 0
16674 43 14
16675 55 25
16676 46 8
16677 69 7
16678 53 37
16679 56 19
16680 61 8
16681 60 1
16682 41 50
16683 61 23
16684 49 18
16685 57 34
16686 46 9
16687 68 43
16688 58 50
16689 50 47
16690 56 42
16691 59 28
16692 53 17
16693 59 12
16694 54 50
16695 60 18
16696 61 24
16697 52 28
16698 51 25
16699 60 27
16700 61 46
16701 40 47
16702 65 10
16703 68 4
16704 61 3
16705 52 16
16706 46 45
16707 46 16
16708 58 25
16709 69 9
16710 51 0
16711 55 42
16712 62 38
16713 49 26
16714 70 37
16715 55 50
16716 51 11
16717 67 26
16718 58 1
16719 64 48
16720 50 26
16721 58 29
16722 59 32
16723 58 41
16724 42 5
16725 45 14
16726 66 9
16727 54 27
16728 62 32
16729 43 36
16730 46 37
16731 60 49
16732 58 13
16733 49 42
16734 62 8
16735 63 34
16736 70 1
16737 68 48
16738 40 50
16739 53 4
16740 53 16
16741 59 32
16742 45 31
16743 49 36
16744 57 16
16745 45 11
16746 64 48
16747 68 35
16748 50 17
16749 57 29
16750 48 30
16751 59 42
16752 57 38
16753 45 4
16754 60 42
16755 54 7
16756 53 11
16757 54 15
16758 48 20
16759 48 0
16760 45 13
16761 68 28
16762 41 32
16763 67 1
16764 63 27
16765 70 37
16766 62 0
16767 56 26
16768 68 47
16769 66 34
16770 68 46
16771 66 17
16772 46 24
16773 42 50
16774 55 21
16775 48 47
16776 57 1
16777 68 9
16778 56 15
16779 47 8
16780 70 31
16781 53 14
16782 53 38
16783 53 26
16784 56 50
16785 64 39
16786 55 17
16787 45 35
16788 61 11
16789 69 4
16790 70 31
16791 58 50
16792 47 46
16793 69 22
16794 69 45
16795 62 19
16796 64 47
16797 51 38
16798 60 15
16799 60 40
16800 67 32
16801 41 25
16802 64 34
16803 43 23
16804 59 48
16805 60 3
16806 61 39
16807 43 45
16808 68 5
16809 55 18
16810 43 8
16811 58 19
16812 55 46
16813 68 10
16814 59 36
16815 55 8
16816 66 10
16817 55 9
16818 49 4
16819 58 32
16820 63 34
16821 47 19
16822 46 4
16823 50 31
16824 46 41
16825 51 21
16826 62 38
16827 49 21
16828 41 5
16829 66 26
16830 69 13
16831 64 17
16832 58 33
16833 50 23
16834 58 10
16835 40 1
16836 49 36
16837 56 27
16838 69 27
16839 41 4
16840 63 50
16841 51 37
16842 60 28
16843 44 7
16844 40 33
16845 60 22
16846 52 35
16847 40 29
16848 55 42
16849 42 46
16850 68 32
16851 53 12
16852 50 49
16853 45 13
16854 66 44
16855 50 22
16856 48 29
16857 55 9
16858 57 4
16859 51 34
16860 44 6
16861 44 23
16862 69 30
16863 54 31
16864 70 2
16865 60 7
16866 65 8
16867 68 15
16868 50 42
16869 44 49
16870 49 29
16871 53 36
16872 52 13
16873 61 5
16874 58 49
16875 62 20
16876 50 7
16877 68 44
16878 43 45
16879 64 9
16880 40 24
16881 44 19
16882 67 46
16883 47 32
16884 55 17
16885 61 38
16886 65 14
16887 50 9
16888 64 49
16889 43 32
16890 66 6
16891 70 2
16892 69 1
16893 69 10
16894 51 31
16895 64 34
16896 48 12
16897 43 12
16898 55 41
16899 42 47
16900 56 32
16901 42 28
16902 43 47
16903 65 44
16904 40 16
16905 40 17
16906 53 41
16907 68 20
16908 56 3
16909 66 16
16910 59 49
16911 51 31
16912 59 10
16913 55 36
16914 44 43
16915 42 46
16916 60 49
16917 40 17
16918 54 28
16919 58 45
16920 53 32
16921 57 36
16922 63 22
16923 55 46
16924 66 17
16925 47 13
16926 60 31
16927 59 2
16928 59 28
16929 66 17
16930 70 29
16931 64 25
16932 63 26
16933 44 44
16934 60 8
16935 55 6
16936 45 36
16937 59 24
16938 70 46
16939 57 38
16940 40 26
16941 64 10
16942 56 36
16943 45 47
16944 59 23
16945 63 27
16946 69 22
16947 48 28
16948 54 25
16949 40 35
16950 69 14
16951 45 43
16952 41 27
16953 47 47
16954 43 24
16955 53 47
16956 52 41
16957 53 30
16958 43 5
16959 69 0
16960 62 32
16961 70 44
16962 45 32
16963 59 12
16964 69 48
16965 61 27
16966 45 0
16967 52 8
16968 57 34
16969 65 42
16970 61 48
16971 65 48
16972 63 7
16973 58 28
16974 51 41
16975 53 10
16976 64 24
16977 69 34
16978 40 33
16979 54 29
16980 57 11
16981 45 31
16982 62 31
16983 46 5
16984 66 48
16985 48 34
16986 56 4
16987 66 14
16988 53 33
16989 62 12
16990 53 41
16991 70 36
16992 56 12
16993 46 37
16994 55 41
16995 56 16
16996 45 46
16997 66 28
16998 60 27
16999 69 29
17000 40 24
